   1.0973374986456008E-012   1.0973583153273125E-012
   6.2450045135165055E-017   6.2450045135165055E-017
   2.7755575615628914E-017   2.0816681711721685E-017
   1.3413575805643063E-012   1.3413714583521141E-012
   2.7755575615628914E-017   2.7755575615628914E-017
   1.3877787807814457E-017   1.3877787807814457E-017
   1.0973166819638891E-012   1.0973583153273125E-012
   5.5511151231257827E-017   6.2450045135165055E-017
   1.3183898417423734E-016   1.2490009027033011E-016
   8.3184847898820635E-013   8.3184847898820635E-013
   9.7144514654701197E-017   9.7144514654701197E-017
   2.7755575615628914E-017   2.7755575615628914E-017
   1.0973305597516969E-012   1.0973583153273125E-012
   6.2450045135165055E-017   6.2450045135165055E-017
   2.2898349882893854E-016   2.2898349882893854E-016
   4.6053438840232275E-013   4.6056214397793838E-013
   3.0531133177191805E-016   3.1918911957973251E-016
   4.1633363423443370E-017   4.1633363423443370E-017
   5.6760152133961128E-015   5.6760152133961128E-015
   1.6896206656014101E-014   1.6896206656014101E-014
   5.3429483060085659E-016   5.2735593669694936E-016
   6.2450045135165055E-017   6.2450045135165055E-017
   3.2612801348363973E-016   3.2612801348363973E-016
   2.1201096433998146E-013   2.1201096433998146E-013
   9.1593399531575415E-016   9.0205620750793969E-016
   2.7755575615628914E-017   1.3877787807814457E-017
   1.0547118733938987E-015   1.0685896612017132E-015
   1.1117495812840161E-013   1.1116801923449771E-013
   2.0816681711721685E-017   2.7755575615628914E-017
   6.2450045135165055E-017   6.2450045135165055E-017
   6.9388939039072284E-018   6.9388939039072284E-018
   4.1633363423443370E-017   4.1633363423443370E-017
   5.4817261840867104E-016   5.4817261840867104E-016
   6.8417493892525272E-014   6.8431371680333086E-014
   2.3453461395206432E-015   2.3453461395206432E-015
   1.6653345369377348E-016   1.8041124150158794E-016
   1.3877787807814457E-017   1.3877787807814457E-017
   1.3121448372288569E-014   1.3121448372288569E-014
   1.3322676295501878E-015   1.3322676295501878E-015
   6.2450045135165055E-017   6.2450045135165055E-017
   2.6367796834847468E-016   2.6367796834847468E-016
   1.3114509478384662E-015   1.2975731600306517E-015
   8.2156503822261584E-015   8.2017725944183439E-015
   4.1633363423443370E-017   2.7755575615628914E-017
   5.7731597280508140E-015   5.7731597280508140E-015
   2.7755575615628914E-017   1.3877787807814457E-017
   9.9371899597855418E-014   9.9371899597855418E-014
   3.6082248300317588E-016   3.6082248300317588E-016
   3.4694469519536142E-017   2.7755575615628914E-017
   1.2420620087993939E-015   1.2420620087993939E-015
   1.0128009542142991E-013   1.0129397320923772E-013
   1.4072076837123859E-014   1.4072076837123859E-014
   1.3877787807814457E-017   1.3877787807814457E-017
   2.9966307213413756E-013   2.9965613324023366E-013
   3.4694469519536142E-017   3.4694469519536142E-017
   5.4747872901828032E-015   5.4747872901828032E-015
   1.8818280267396403E-014   1.8832158055204218E-014
   3.6748382115092681E-014   3.6720626539477053E-014
   2.7755575615628914E-017   2.7755575615628914E-017
   6.4272198674331094E-013   6.4273586453111875E-013
   3.4694469519536142E-017   2.7755575615628914E-017
   1.3877787807814457E-017   6.9388939039072284E-018
   4.0245445864783846E-012   4.0246139754174237E-012
   4.1633363423443370E-017   4.1633363423443370E-017
   8.4130619137923190E-013   8.4131313027313581E-013
   2.7755575615628914E-017   2.0816681711721685E-017
   6.9388939039072284E-018   6.9388939039072284E-018
   2.9726221484338566E-014   2.9712343696530752E-014
   1.4835355166553654E-014   1.4849232954361469E-014
   9.6589403142388619E-015   9.6450625264310474E-015
   1.3877787807814457E-017   1.3877787807814457E-017
   8.3266726846886741E-016   8.3266726846886741E-016
   7.9165840549677569E-014   7.9165840549677569E-014
   1.5959455978986625E-016   1.5959455978986625E-016
   6.9388939039072284E-018   6.9388939039072284E-018
   3.7470027081099033E-016   3.7470027081099033E-016
   1.0449002774137739E-012   1.0449141552015817E-012
   1.3877787807814457E-017   1.3877787807814457E-017
   1.0973305597516969E-012   1.0973583153273125E-012
   6.9388939039072284E-018   6.9388939039072284E-018
   3.3512220776188428E-012   3.3513053443456897E-012
   1.0973305597516969E-012   1.0973583153273125E-012
   4.8572257327350599E-017   4.1633363423443370E-017
   2.8876206981109931E-012   2.8877039648378400E-012
   1.0973374986456008E-012   1.0973583153273125E-012
   6.2450045135165055E-017   6.2450045135165055E-017
   2.0502766151508922E-012   2.0503182485143157E-012
   1.0973444375395047E-012   1.0973583153273125E-012
   6.2450045135165055E-017   6.2450045135165055E-017
   2.0816681711721685E-017   2.0816681711721685E-017
   1.3785778074648647E-012   1.3785916852526725E-012
   1.3877787807814457E-017   1.3877787807814457E-017
   1.3877787807814457E-017   1.3877787807814457E-017
   1.0973305597516969E-012   1.0973583153273125E-012
   5.5511151231257827E-017   6.2450045135165055E-017
   1.1102230246251565E-016   1.1796119636642288E-016
   8.5981222142095248E-013   8.5983997699656811E-013
   8.3266726846886741E-017   8.3266726846886741E-017
   2.7755575615628914E-017   2.7755575615628914E-017
   1.0973374986456008E-012   1.0973583153273125E-012
   6.2450045135165055E-017   6.2450045135165055E-017
   2.2204460492503131E-016   2.2204460492503131E-016
   4.8025472487722709E-013   4.8024084708941928E-013
   2.9143354396410359E-016   2.9143354396410359E-016
   4.1633363423443370E-017   4.1633363423443370E-017
   6.3560268159790212E-015   6.3421490281712067E-015
   1.4051260155412137E-014   1.4051260155412137E-014
   6.3143934525555778E-016   6.3143934525555778E-016
   6.2450045135165055E-017   6.2450045135165055E-017
   3.2612801348363973E-016   3.1918911957973251E-016
   2.2440382885235977E-013   2.2441770664016758E-013
   8.4654505627668186E-016   8.4654505627668186E-016
   2.7755575615628914E-017   1.3877787807814457E-017
   1.1934897514720433E-015   1.1796119636642288E-015
   1.0210582379599487E-013   1.0209194600818705E-013
   3.4694469519536142E-017   2.7755575615628914E-017
   6.9388939039072284E-017   6.2450045135165055E-017
   1.3877787807814457E-017   6.9388939039072284E-018
   4.1633363423443370E-017   3.4694469519536142E-017
   5.2735593669694936E-016   5.2735593669694936E-016
   7.4773520708504293E-014   7.4787398496312107E-014
   2.2204460492503131E-015   2.2204460492503131E-015
   1.9428902930940239E-016   2.0816681711721685E-016
   1.3877787807814457E-017   1.3877787807814457E-017
   1.0678957718113224E-014   1.0685896612017132E-014
   1.4294121442048890E-015   1.4363510381087963E-015
   6.9388939039072284E-017   6.2450045135165055E-017
   6.9388939039072284E-018   6.9388939039072284E-018
   2.3592239273284576E-016   2.3592239273284576E-016
   1.2004286453759505E-015   1.2073675392798577E-015
   1.0033640585049852E-014   1.0047518372857667E-014
   4.1633363423443370E-017   2.7755575615628914E-017
   5.4539706084710815E-015   5.4539706084710815E-015
   1.3877787807814457E-017   2.7755575615628914E-017
   9.0878693459472970E-014   9.0878693459472970E-014
   4.1633363423443370E-016   4.1633363423443370E-016
   3.4694469519536142E-017   3.4694469519536142E-017
   1.1310397063368782E-015   1.1310397063368782E-015
   1.0930145677434666E-013   1.0931533456215448E-013
   1.3281042932078435E-014   1.3294920719886250E-014
   2.8302360455256803E-013   2.8302360455256803E-013
   4.1633363423443370E-017   4.1633363423443370E-017
   4.9682480351975755E-015   4.9682480351975755E-015
   2.1815882433884326E-014   2.1815882433884326E-014
   3.4389158187764224E-014   3.4389158187764224E-014
   2.7755575615628914E-017   2.7755575615628914E-017
   6.1631255654504002E-013   6.1631949543894393E-013
   2.7755575615628914E-017   2.7755575615628914E-017
   6.9388939039072284E-018   6.9388939039072284E-018
   3.3625879858334429E-014   3.3625879858334429E-014
   6.9388939039072284E-017   5.5511151231257827E-017
   1.3550272015550036E-013   1.3548884236769254E-013
   5.5511151231257827E-017   4.1633363423443370E-017
   8.6990137315723359E-013   8.6991525094504141E-013
   6.9388939039072284E-018   1.3877787807814457E-017
   4.1057435229419070E-014   4.1050496335515163E-014
   6.4670491184415368E-015   6.4531713306337224E-015
   1.4419021532319221E-014   1.4432899320127035E-014
   1.3877787807814457E-017   1.3877787807814457E-017
   5.9674487573602164E-016   5.8286708792820718E-016
   1.0249440185461367E-013   1.0248746296070976E-013
   1.0408340855860843E-016   1.0408340855860843E-016
   1.3877787807814457E-017   1.3877787807814457E-017
   5.0653925498522767E-016   5.1347814888913490E-016
   9.1493479459359150E-013   9.1497642795701495E-013
   2.7755575615628914E-017   2.7755575615628914E-017
   1.0973374986456008E-012   1.0973583153273125E-012
   6.9388939039072284E-018   6.9388939039072284E-018
   3.2555208528961543E-012   3.2556041196230012E-012
   1.0973236208577930E-012   1.0973583153273125E-012
   4.1633363423443370E-017   4.1633363423443370E-017
   2.9464625184161264E-012   2.9465319073551655E-012
   1.0973305597516969E-012   1.0973583153273125E-012
   6.2450045135165055E-017   6.2450045135165055E-017
   2.0982243720268912E-012   2.0982660053903146E-012
   1.0973305597516969E-012   1.0973583153273125E-012
   6.2450045135165055E-017   6.2450045135165055E-017
   1.3877787807814457E-017   2.0816681711721685E-017
   1.4164086570289669E-012   1.4164225348167747E-012
   1.3877787807814457E-017   1.3877787807814457E-017
   1.3877787807814457E-017   1.3877787807814457E-017
   1.0973305597516969E-012   1.0973583153273125E-012
   6.2450045135165055E-017   6.2450045135165055E-017
   1.0408340855860843E-016   1.0408340855860843E-016
   8.8837270872943463E-013   8.8838658651724245E-013
   8.3266726846886741E-017   8.3266726846886741E-017
   2.7755575615628914E-017   2.7755575615628914E-017
   1.0973513764334086E-012   1.0973583153273125E-012
   6.2450045135165055E-017   6.2450045135165055E-017
   2.2204460492503131E-016   2.1510571102112408E-016
   5.0040527277417368E-013   5.0041915056198150E-013
   2.7755575615628914E-016   2.7755575615628914E-016
   4.1633363423443370E-017   4.1633363423443370E-017
   7.1054273576010019E-015   7.1054273576010019E-015
   1.1518563880485999E-014   1.1511624986582092E-014
   7.5633943552588789E-016   7.5633943552588789E-016
   6.2450045135165055E-017   6.2450045135165055E-017
   3.1225022567582528E-016   3.1225022567582528E-016
   2.3725466036239595E-013   2.3726853815020377E-013
   8.0491169285323849E-016   7.9103390504542404E-016
   1.3877787807814457E-017   1.3877787807814457E-017
   1.3183898417423734E-015   1.3183898417423734E-015
   9.3473839779534273E-014   9.3473839779534273E-014
   4.1633363423443370E-017   4.1633363423443370E-017
   6.2450045135165055E-017   6.2450045135165055E-017
   3.4694469519536142E-017   3.4694469519536142E-017
   5.1347814888913490E-016   5.0653925498522767E-016
   8.1476492219678676E-014   8.1490370007486490E-014
   2.0816681711721685E-015   2.0955459589799830E-015
   2.2204460492503131E-016   2.2204460492503131E-016
   2.7755575615628914E-017   2.7755575615628914E-017
   8.5487172896137054E-015   8.5417783957097981E-015
   1.5543122344752192E-015   1.5543122344752192E-015
   6.2450045135165055E-017   6.2450045135165055E-017
   2.2204460492503131E-016   2.1510571102112408E-016
   1.1241008124329710E-015   1.1241008124329710E-015
   1.2129186544029835E-014   1.2115308756222021E-014
   2.7755575615628914E-017   2.7755575615628914E-017
   5.1486592766991635E-015   5.1625370645069779E-015
   2.7755575615628914E-017   2.7755575615628914E-017
   8.2829576530940585E-014   8.2829576530940585E-014
   4.7184478546569153E-016   4.7184478546569153E-016
   3.4694469519536142E-017   4.1633363423443370E-017
   1.0338951916821770E-015   1.0269562977782698E-015
   1.1772527397369004E-013   1.1772527397369004E-013
   1.2559397966072083E-014   1.2559397966072083E-014
   2.6695312627111889E-013   2.6696006516502280E-013
   4.8572257327350599E-017   4.8572257327350599E-017
   4.5102810375396984E-015   4.5102810375396984E-015
   2.5077162568720723E-014   2.5077162568720723E-014
   3.2238101077552983E-014   3.2238101077552983E-014
   2.7755575615628914E-017   2.7755575615628914E-017
   5.9057619905544811E-013   5.9057619905544811E-013
   2.0816681711721685E-017   2.0816681711721685E-017
   6.9388939039072284E-018   6.9388939039072284E-018
   2.7755575615628914E-014   2.7748636721725006E-014
   2.0816681711721685E-016   1.9428902930940239E-016
   1.1729506255164779E-013   1.1728118476383997E-013
   2.7755575615628914E-017   4.1633363423443370E-017
   8.9832308258763760E-013   8.9832308258763760E-013
   6.9388939039072284E-018   6.9388939039072284E-018
   6.9388939039072284E-018   6.9388939039072284E-018
   5.9431626286965411E-014   5.9445504074773226E-014
   1.8179902028236938E-015   1.8318679906315083E-015
   2.2690183065776637E-014   2.2704060853584451E-014
   1.3877787807814457E-017   1.3877787807814457E-017
   4.0245584642661925E-016   4.1633363423443370E-016
   1.2951445471642842E-013   1.2951445471642842E-013
   6.2450045135165055E-017   6.2450045135165055E-017
   1.3877787807814457E-017   1.3877787807814457E-017
   7.0082828429463007E-016   6.9388939039072284E-016
   7.9522499696338400E-013   7.9523887475119182E-013
   4.1633363423443370E-017   4.1633363423443370E-017
   1.0973305597516969E-012   1.0973583153273125E-012
   3.1601110617174299E-012   3.1601943284442768E-012
   1.0973305597516969E-012   1.0973583153273125E-012
   3.4694469519536142E-017   3.4694469519536142E-017
   3.0060121058994582E-012   3.0060814948384973E-012
   1.0973166819638891E-012   1.0973583153273125E-012
   6.2450045135165055E-017   6.2450045135165055E-017
   2.1468243849298574E-012   2.1468798960810886E-012
   1.0973444375395047E-012   1.0973583153273125E-012
   6.9388939039072284E-017   6.2450045135165055E-017
   2.0816681711721685E-017   1.3877787807814457E-017
   1.4548501292566129E-012   1.4548640070444208E-012
   1.3877787807814457E-017   1.3877787807814457E-017
   1.0973236208577930E-012   1.0973583153273125E-012
   6.9388939039072284E-017   6.2450045135165055E-017
   9.7144514654701197E-017   9.7144514654701197E-017
   9.1746055197461374E-013   9.1748830755022937E-013
   6.9388939039072284E-017   6.9388939039072284E-017
   1.3877787807814457E-017   2.7755575615628914E-017
   1.0973374986456008E-012   1.0973583153273125E-012
   6.9388939039072284E-017   6.2450045135165055E-017
   2.0816681711721685E-016   2.1510571102112408E-016
   5.2111093218343285E-013   5.2109705439562504E-013
   2.4980018054066022E-016   2.4980018054066022E-016
   4.1633363423443370E-017   4.1633363423443370E-017
   7.9658502016854982E-015   7.9658502016854982E-015
   9.2703622556200571E-015   9.2703622556200571E-015
   9.0205620750793969E-016   9.0205620750793969E-016
   5.5511151231257827E-017   6.2450045135165055E-017
   3.0531133177191805E-016   3.0531133177191805E-016
   2.5054958108228220E-013   2.5053570329447439E-013
   7.4940054162198066E-016   7.4940054162198066E-016
   2.7755575615628914E-017   1.3877787807814457E-017
   1.4710455076283324E-015   1.4571677198205180E-015
   8.5313700548539373E-014   8.5313700548539373E-014
   4.8572257327350599E-017   4.8572257327350599E-017
   6.2450045135165055E-017   6.2450045135165055E-017
   6.9388939039072284E-018   6.9388939039072284E-018
   2.7755575615628914E-017   2.7755575615628914E-017
   4.9266146717741321E-016   4.9266146717741321E-016
   8.8540286213856234E-014   8.8540286213856234E-014
   1.9706458687096529E-015   1.9706458687096529E-015
   2.6367796834847468E-016   2.4980018054066022E-016
   2.7755575615628914E-017   2.7755575615628914E-017
   6.6821548294626609E-015   6.6821548294626609E-015
   1.6930901125533637E-015   1.6930901125533637E-015
   6.2450045135165055E-017   6.2450045135165055E-017
   6.9388939039072284E-018   6.9388939039072284E-018
   1.9428902930940239E-016   1.9428902930940239E-016
   1.0547118733938987E-015   1.0547118733938987E-015
   1.4432899320127035E-014   1.4432899320127035E-014
   2.7755575615628914E-017   1.3877787807814457E-017
   4.8988590961585032E-015   4.8849813083506888E-015
   4.1633363423443370E-017   2.7755575615628914E-017
   7.5231487706162170E-014   7.5231487706162170E-014
   5.4123372450476381E-016   5.4123372450476381E-016
   4.1633363423443370E-017   4.8572257327350599E-017
   9.3675067702747583E-016   9.3675067702747583E-016
   1.2649603586822877E-013   1.2649603586822877E-013
   1.1865508575681361E-014   1.1865508575681361E-014
   2.5143775950198233E-013   2.5145163728979014E-013
   5.5511151231257827E-017   5.5511151231257827E-017
   4.1078251911130792E-015   4.1008862972091720E-015
   2.8615998459713410E-014   2.8615998459713410E-014
   3.0239699633227701E-014   3.0239699633227701E-014
   1.3877787807814457E-017   1.3877787807814457E-017
   5.6546434201720785E-013   5.6547821980501567E-013
   2.0816681711721685E-017   2.0816681711721685E-017
   6.9388939039072284E-018   6.9388939039072284E-018
   2.3564483697668948E-014   2.3557544803765040E-014
   4.4408920985006262E-016   4.4408920985006262E-016
   1.0380585280245214E-013   1.0380585280245214E-013
   2.7755575615628914E-017   4.1633363423443370E-017
   9.2652274741311658E-013   9.2652968630702048E-013
   1.3877787807814457E-017   6.9388939039072284E-018
   9.6977981201007424E-014   9.6977981201007424E-014
   1.2490009027033011E-016   1.2490009027033011E-016
   4.0897840669629204E-014   4.0870085094013575E-014
   1.3877787807814457E-017   1.3877787807814457E-017
   2.9143354396410359E-016   2.9143354396410359E-016
   1.6040641037662340E-013   1.6042028816443121E-013
   3.4694469519536142E-017   3.4694469519536142E-017
   1.3877787807814457E-017   1.3877787807814457E-017
   9.2981178312356860E-016   9.2287288921966137E-016
   6.8542393982795602E-013   6.8543781761576383E-013
   6.9388939039072284E-017   6.9388939039072284E-017
   1.3877787807814457E-017   1.3877787807814457E-017
   1.0973028041760813E-012   1.0973583153273125E-012
   6.9388939039072284E-018   6.9388939039072284E-018
   3.0649927040826697E-012   3.0650898485973244E-012
   1.0973374986456008E-012   1.0973583153273125E-012
   3.4694469519536142E-017   3.4694469519536142E-017
   3.0662694605609886E-012   3.0663388495000277E-012
   1.0973374986456008E-012   1.0973583153273125E-012
   5.5511151231257827E-017   6.2450045135165055E-017
   2.1960905316475987E-012   2.1961599205866378E-012
   1.0973444375395047E-012   1.0973583153273125E-012
   6.2450045135165055E-017   6.2450045135165055E-017
   1.3877787807814457E-017   1.3877787807814457E-017
   1.4939022241478028E-012   1.4939299797234185E-012
   1.3877787807814457E-017   1.3877787807814457E-017
   1.3877787807814457E-017   1.3877787807814457E-017
   1.0973444375395047E-012   1.0973583153273125E-012
   6.2450045135165055E-017   6.2450045135165055E-017
   8.3266726846886741E-017   8.3266726846886741E-017
   9.4715901788333667E-013   9.4717289567114449E-013
   6.9388939039072284E-017   6.9388939039072284E-017
   2.7755575615628914E-017   2.7755575615628914E-017
   1.0973583153273125E-012   1.0973583153273125E-012
   6.2450045135165055E-017   6.2450045135165055E-017
   2.0122792321330962E-016   2.0816681711721685E-016
   5.4227455859034990E-013   5.4228843637815771E-013
   2.3592239273284576E-016   2.3592239273284576E-016
   2.7755575615628914E-017   4.1633363423443370E-017
   8.9650509238481391E-015   8.9650509238481391E-015
   7.3066552808143115E-015   7.3135941747182187E-015
   1.0824674490095276E-015   1.0824674490095276E-015
   6.2450045135165055E-017   6.2450045135165055E-017
   2.9837243786801082E-016   2.9837243786801082E-016
   2.6426083543640289E-013   2.6424695764859507E-013
   6.9388939039072284E-016   6.9388939039072284E-016
   2.7755575615628914E-017   2.7755575615628914E-017
   1.6237011735142914E-015   1.6237011735142914E-015
   7.7597650527394535E-014   7.7590711633490628E-014
   6.2450045135165055E-017   5.5511151231257827E-017
   6.2450045135165055E-017   6.2450045135165055E-017
   6.9388939039072284E-018   6.9388939039072284E-018
   2.0816681711721685E-017   2.0816681711721685E-017
   4.7184478546569153E-016   4.7184478546569153E-016
   9.5951024903229154E-014   9.5951024903229154E-014
   1.8596235662471372E-015   1.8596235662471372E-015
   2.7755575615628914E-016   2.9143354396410359E-016
   2.7755575615628914E-017   4.1633363423443370E-017
   5.0862092315639984E-015   5.0862092315639984E-015
   1.8665624601510444E-015   1.8596235662471372E-015
   6.2450045135165055E-017   6.2450045135165055E-017
   6.9388939039072284E-018   6.9388939039072284E-018
   1.6653345369377348E-016   1.7347234759768071E-016
   9.8532293435482643E-016   9.8532293435482643E-016
   1.7000290064572710E-014   1.6986412276764895E-014
   1.3877787807814457E-017   1.3877787807814457E-017
   4.6213033400022141E-015   4.6074255521943996E-015
   2.7755575615628914E-017   4.1633363423443370E-017
   6.8070549197329910E-014   6.8063610303426003E-014
   6.1756155744774333E-016   6.1756155744774333E-016
   4.8572257327350599E-017   5.5511151231257827E-017
   8.5348395018058909E-016   8.5348395018058909E-016
   9.8393515557404498E-015   9.8393515557404498E-015
   1.1379786002407855E-015   1.1241008124329710E-015
   1.1199374760906267E-014   1.1199374760906267E-014
   2.3649832092687006E-013   2.3649832092687006E-013
   6.2450045135165055E-017   6.2450045135165055E-017
   6.9388939039072284E-018   6.9388939039072284E-018
   3.7331249203020889E-015   3.7331249203020889E-015
   3.2432390106862385E-014   3.2432390106862385E-014
   2.8393953854788379E-014   2.8393953854788379E-014
   1.3877787807814457E-017   1.3877787807814457E-017
   5.4102555768764660E-013   5.4103943547545441E-013
   1.3877787807814457E-017   2.0816681711721685E-017
   6.9388939039072284E-018   6.9388939039072284E-018
   2.0324020244544272E-014   2.0337898032352086E-014
   8.0491169285323849E-016   8.0491169285323849E-016
   9.3106078402627190E-014   9.3106078402627190E-014
   5.5511151231257827E-017   4.1633363423443370E-017
   9.5449342873976661E-013   9.5451424542147834E-013
   6.9388939039072284E-018   6.9388939039072284E-018
   4.0244890753271534E-012   4.0246139754174237E-012
   1.3877787807814457E-017   1.3877787807814457E-017
   1.9428902930940239E-016   1.9428902930940239E-016
   1.9537843565231583E-013   1.9537843565231583E-013
   2.0816681711721685E-017   2.0816681711721685E-017
   2.0816681711721685E-017   2.0816681711721685E-017
   1.2212453270876722E-015   1.2281842209915794E-015
   5.8528182300676690E-013   5.8526794521895908E-013
   1.1102230246251565E-016   1.1102230246251565E-016
   1.0973374986456008E-012   1.0973583153273125E-012
   2.9702351689309126E-012   2.9703045578699516E-012
   1.0973444375395047E-012   1.0973583153273125E-012
   2.7755575615628914E-017   2.7755575615628914E-017
   3.1272484601885253E-012   3.1273178491275644E-012
   1.0973166819638891E-012   1.0973583153273125E-012
   6.2450045135165055E-017   6.2450045135165055E-017
   2.2460505677557308E-012   2.2461199566947698E-012
   1.0973583153273125E-012   1.0973583153273125E-012
   6.2450045135165055E-017   6.2450045135165055E-017
   1.3877787807814457E-017   1.3877787807814457E-017
   1.5335788194903444E-012   1.5336204528537678E-012
   1.3877787807814457E-017   1.3877787807814457E-017
   1.3877787807814457E-017   1.3877787807814457E-017
   1.0973583153273125E-012   1.0973583153273125E-012
   6.2450045135165055E-017   6.2450045135165055E-017
   7.6327832942979512E-017   7.6327832942979512E-017
   9.7738483972875656E-013   9.7741259530437219E-013
   6.9388939039072284E-017   5.5511151231257827E-017
   2.7755575615628914E-017   2.7755575615628914E-017
   1.0973236208577930E-012   1.0973583153273125E-012
   6.2450045135165055E-017   6.2450045135165055E-017
   2.0122792321330962E-016   2.0816681711721685E-016
   5.6396554093396389E-013   5.6397941872177171E-013
   2.3592239273284576E-016   2.2204460492503131E-016
   4.1633363423443370E-017   4.1633363423443370E-017
   1.0116907311896739E-014   1.0116907311896739E-014
   5.6274429560687622E-015   5.6274429560687622E-015
   1.3045120539345589E-015   1.3045120539345589E-015
   5.5511151231257827E-017   6.2450045135165055E-017
   2.8449465006019636E-016   2.8449465006019636E-016
   2.7838842342475800E-013   2.7838842342475800E-013
   6.5225602696727947E-016   6.5225602696727947E-016
   2.7755575615628914E-017   2.7755575615628914E-017
   1.8041124150158794E-015   1.8041124150158794E-015
   7.0325689716099760E-014   7.0304873034388038E-014
   7.6327832942979512E-017   6.9388939039072284E-017
   6.9388939039072284E-017   6.2450045135165055E-017
   6.9388939039072284E-018   6.9388939039072284E-018
   2.0816681711721685E-017   2.0816681711721685E-017
   4.5796699765787707E-016   4.5796699765787707E-016
   1.0372258607560525E-013   1.0370870828779744E-013
   1.7624790515924360E-015   1.7486012637846216E-015
   1.3877787807814457E-017   1.3877787807814457E-017
   3.1918911957973251E-016   3.1918911957973251E-016
   4.1633363423443370E-017   4.1633363423443370E-017
   3.7331249203020889E-015   3.7400638142059961E-015
   2.0539125955565396E-015   2.0539125955565396E-015
   6.2450045135165055E-017   6.2450045135165055E-017
   6.9388939039072284E-018   6.9388939039072284E-018
   1.5265566588595902E-016   1.5265566588595902E-016
   9.2981178312356860E-016   9.2981178312356860E-016
   1.9817480989559044E-014   1.9803603201751230E-014
   1.3877787807814457E-017   1.3877787807814457E-017
   4.3576253716537394E-015   4.3576253716537394E-015
   4.1633363423443370E-017   4.1633363423443370E-017
   6.1312066534924270E-014   6.1319005428828177E-014
   7.0082828429463007E-016   7.0082828429463007E-016
   5.5511151231257827E-017   6.2450045135165055E-017
   7.7715611723760958E-016   7.7021722333370235E-016
   5.5233595475101538E-015   5.5233595475101538E-015
   2.7755575615628914E-017   1.3877787807814457E-017
   4.5796699765787707E-016   4.4408920985006262E-016
   1.0588752097362431E-014   1.0588752097362431E-014
   2.2209317718235866E-013   2.2209317718235866E-013
   7.6327832942979512E-017   7.6327832942979512E-017
   6.9388939039072284E-018   6.9388939039072284E-018
   3.3931191190106347E-015   3.3931191190106347E-015
   3.6554093085783279E-014   3.6540215297975465E-014
   2.6686985954427200E-014   2.6686985954427200E-014
   1.3877787807814457E-017   1.3877787807814457E-017
   5.1723209049114871E-013   5.1723902938505262E-013
   1.3877787807814457E-017   1.3877787807814457E-017
   1.7749690606194690E-014   1.7756629500098597E-014
   1.3045120539345589E-015   1.3045120539345589E-015
   8.4293683144665010E-014   8.4293683144665010E-014
   4.1633363423443370E-017   4.1633363423443370E-017
   9.7179903013611124E-013   9.7181290792391906E-013
   6.9388939039072284E-018   6.9388939039072284E-018
   6.9388939039072284E-018   6.9388939039072284E-018
   4.0245168309027690E-012   4.0246139754174237E-012
   1.3877787807814457E-017   2.7755575615628914E-017
   1.3877787807814457E-016   1.3877787807814457E-016
   2.3453461395206432E-013   2.3454155284596823E-013
   6.9388939039072284E-018   1.3877787807814457E-017
   2.0816681711721685E-017   2.0816681711721685E-017
   1.6167622796103842E-015   1.6167622796103842E-015
   4.9442394622900565E-013   4.9445170180462128E-013
   1.6653345369377348E-016   1.6653345369377348E-016
   1.3877787807814457E-017   1.3877787807814457E-017
   1.0973305597516969E-012   1.0973583153273125E-012
   2.8757968228987352E-012   2.8758523340499664E-012
   1.0973305597516969E-012   1.0973583153273125E-012
   2.7755575615628914E-017   2.7755575615628914E-017
   3.1889352269942606E-012   3.1890184937211075E-012
   1.0973305597516969E-012   1.0973583153273125E-012
   5.5511151231257827E-017   6.2450045135165055E-017
   2.2967044932542535E-012   2.2967600044054848E-012
   1.0973305597516969E-012   1.0973583153273125E-012
   6.2450045135165055E-017   6.2450045135165055E-017
   6.9388939039072284E-018   1.3877787807814457E-017
   1.5739354264354688E-012   1.5739354264354688E-012
   1.3877787807814457E-017   1.3877787807814457E-017
   1.0973305597516969E-012   1.0973583153273125E-012
   6.9388939039072284E-017   6.2450045135165055E-017
   6.9388939039072284E-017   6.9388939039072284E-017
   1.0082351620255281E-012   1.0082212842377203E-012
   5.5511151231257827E-017   5.5511151231257827E-017
   1.3877787807814457E-017   2.7755575615628914E-017
   1.0973444375395047E-012   1.0973583153273125E-012
   6.2450045135165055E-017   6.2450045135165055E-017
   2.0122792321330962E-016   2.0122792321330962E-016
   5.8619775700208265E-013   5.8618387921427484E-013
   2.0816681711721685E-016   2.0816681711721685E-016
   2.7755575615628914E-017   4.1633363423443370E-017
   1.1463052729254741E-014   1.1463052729254741E-014
   4.1980308118638732E-015   4.1980308118638732E-015
   1.5681900222830336E-015   1.5681900222830336E-015
   6.2450045135165055E-017   6.2450045135165055E-017
   2.7755575615628914E-016   2.8449465006019636E-016
   2.9300173398638663E-013   2.9298785619857881E-013
   6.1062266354383610E-016   6.1062266354383610E-016
   2.7755575615628914E-017   2.7755575615628914E-017
   2.0122792321330962E-015   1.9984014443252818E-015
   6.3442306963423789E-014   6.3449245857327696E-014
   9.0205620750793969E-017   9.0205620750793969E-017
   6.2450045135165055E-017   6.2450045135165055E-017
   6.9388939039072284E-018   6.9388939039072284E-018
   2.0816681711721685E-017   2.0816681711721685E-017
   4.4408920985006262E-016   4.3715031594615539E-016
   1.1184109194317671E-013   1.1184109194317671E-013
   1.6653345369377348E-015   1.6514567491299204E-015
   3.6082248300317588E-016   3.6082248300317588E-016
   5.5511151231257827E-017   5.5511151231257827E-017
   2.6367796834847468E-015   2.6367796834847468E-015
   2.2828960943854781E-015   2.2898349882893854E-015
   6.2450045135165055E-017   6.2450045135165055E-017
   1.3877787807814457E-016   1.3877787807814457E-016
   8.7430063189231078E-016   8.7430063189231078E-016
   2.2884472095086039E-014   2.2884472095086039E-014
   1.3877787807814457E-017   1.3877787807814457E-017
   4.1217029789208937E-015   4.1217029789208937E-015
   4.1633363423443370E-017   5.5511151231257827E-017
   5.4997673082368692E-014   5.4997673082368692E-014
   7.4940054162198066E-016   7.4940054162198066E-016
   6.2450045135165055E-017   6.2450045135165055E-017
   6.9388939039072284E-016   7.0082828429463007E-016
   4.2257863874795021E-015   4.2327252813834093E-015
   1.1102230246251565E-016   9.7144514654701197E-017
   2.9143354396410359E-016   2.9143354396410359E-016
   1.0033640585049852E-014   1.0005885009434223E-014
   2.0821538937454420E-013   2.0822232826844811E-013
   9.0205620750793969E-017   9.0205620750793969E-017
   6.9388939039072284E-018   6.9388939039072284E-018
   3.1016855750465311E-015   3.0947466811426239E-015
   4.0953351820860462E-014   4.0953351820860462E-014
   2.5091040356528538E-014   2.5091040356528538E-014
   1.3877787807814457E-017   1.3877787807814457E-017
   4.9409087932161810E-013   4.9408394042771420E-013
   6.9388939039072284E-018   6.9388939039072284E-018
   1.3877787807814457E-017   1.3877787807814457E-017
   1.5633327965502986E-014   1.5626389071599078E-014
   1.9567680809018384E-015   1.9567680809018384E-015
   7.6841311091868647E-014   7.6813555516253018E-014
   4.1633363423443370E-017   4.1633363423443370E-017
   9.3788171673381271E-013   9.3789559452162052E-013
   1.3877787807814457E-017   1.3877787807814457E-017
   6.9388939039072284E-018   6.9388939039072284E-018
   4.0245029531149612E-012   4.0246139754174237E-012
   2.7755575615628914E-017   2.7755575615628914E-017
   9.7144514654701197E-017   9.7144514654701197E-017
   2.7807617319908218E-013   2.7807617319908218E-013
   6.9388939039072284E-018   6.9388939039072284E-018
   2.0816681711721685E-017   2.0816681711721685E-017
   2.1094237467877974E-015   2.1163626406917047E-015
   4.1264214267755506E-013   4.1264214267755506E-013
   2.4980018054066022E-016   2.6367796834847468E-016
   1.3877787807814457E-017   1.3877787807814457E-017
   1.0973444375395047E-012   1.0973583153273125E-012
   6.9388939039072284E-018   6.9388939039072284E-018
   2.7817192993495610E-012   2.7817748105007922E-012
   1.0973166819638891E-012   1.0973583153273125E-012
   2.0816681711721685E-017   2.0816681711721685E-017
   3.2513991499172334E-012   3.2514546610684647E-012
   1.0973374986456008E-012   1.0973583153273125E-012
   6.2450045135165055E-017   6.2450045135165055E-017
   2.3479829192041279E-012   2.3480661859309748E-012
   1.0973374986456008E-012   1.0973583153273125E-012
   6.9388939039072284E-017   6.2450045135165055E-017
   6.9388939039072284E-018   6.9388939039072284E-018
   1.6148610226807136E-012   1.6148887782563293E-012
   1.3877787807814457E-017   1.3877787807814457E-017
   1.3877787807814457E-017   1.3877787807814457E-017
   1.0973374986456008E-012   1.0973583153273125E-012
   5.5511151231257827E-017   6.2450045135165055E-017
   5.5511151231257827E-017   6.2450045135165055E-017
   1.0395850846833810E-012   1.0396128402589966E-012
   5.5511151231257827E-017   5.5511151231257827E-017
   2.7755575615628914E-017   1.3877787807814457E-017
   1.0973305597516969E-012   1.0973583153273125E-012
   6.2450045135165055E-017   6.2450045135165055E-017
   2.0122792321330962E-016   2.0122792321330962E-016
   6.0887406228005148E-013   6.0890181785566710E-013
   1.8041124150158794E-016   1.9428902930940239E-016
   2.7755575615628914E-017   4.1633363423443370E-017
   1.3031242751537775E-014   1.3045120539345589E-014
   3.0045410603918299E-015   3.0184188481996443E-015
   1.9081958235744878E-015   1.9012569296705806E-015
   6.2450045135165055E-017   6.2450045135165055E-017
   2.7061686225238191E-016   2.7755575615628914E-016
   3.0804525597005750E-013   3.0803137818224968E-013
   5.6898930012039273E-016   5.6898930012039273E-016
   2.7755575615628914E-017   2.7755575615628914E-017
   2.2065682614424986E-015   2.2204460492503131E-015
   5.7009952314501788E-014   5.7003013420597881E-014
   1.0408340855860843E-016   1.0408340855860843E-016
   6.2450045135165055E-017   6.2450045135165055E-017
   1.3877787807814457E-017   6.9388939039072284E-018
   1.3877787807814457E-017   1.3877787807814457E-017
   4.2327252813834093E-016   4.2327252813834093E-016
   1.2032042029375134E-013   1.2033429808155915E-013
   1.5404344466674047E-015   1.5543122344752192E-015
   1.3877787807814457E-017   1.3877787807814457E-017
   4.0245584642661925E-016   4.0245584642661925E-016
   8.3266726846886741E-017   6.9388939039072284E-017
   1.7486012637846216E-015   1.7555401576885288E-015
   2.5743296383495817E-015   2.5812685322534890E-015
   6.9388939039072284E-017   6.2450045135165055E-017
   6.9388939039072284E-018   6.9388939039072284E-018
   1.2490009027033011E-016   1.2490009027033011E-016
   8.3266726846886741E-016   8.2572837456496018E-016
   2.6229018956769323E-014   2.6229018956769323E-014
   3.8996583739958623E-015   3.8996583739958623E-015
   5.5511151231257827E-017   5.5511151231257827E-017
   4.9085735476239734E-014   4.9085735476239734E-014
   7.9103390504542404E-016   7.8409501114151681E-016
   6.2450045135165055E-017   6.2450045135165055E-017
   6.3837823915946501E-016   6.3837823915946501E-016
   3.4625080580497070E-015   3.4625080580497070E-015
   2.7755575615628914E-016   2.7755575615628914E-016
   2.0816681711721685E-016   2.0816681711721685E-016
   9.4507734971216451E-015   9.4646512849294595E-015
   1.9487883529123451E-013   1.9489271307904232E-013
   1.0408340855860843E-016   1.0408340855860843E-016
   6.9388939039072284E-018   6.9388939039072284E-018
   2.8171909249863347E-015   2.8171909249863347E-015
   4.5657921887709563E-014   4.5657921887709563E-014
   2.3606117061092391E-014   2.3606117061092391E-014
   2.7755575615628914E-017   1.3877787807814457E-017
   4.7156029081563133E-013   4.7156029081563133E-013
   6.9388939039072284E-018   6.9388939039072284E-018
   2.0816681711721685E-017   1.3877787807814457E-017
   1.3836154444391013E-014   1.3843093338294921E-014
   2.7894353493707058E-015   2.7755575615628914E-015
   7.0346506397811481E-014   7.0374261973427110E-014
   2.7755575615628914E-017   4.1633363423443370E-017
   9.0465829272190490E-013   9.0470686497923225E-013
   2.0816681711721685E-017   2.0816681711721685E-017
   6.9388939039072284E-018   6.9388939039072284E-018
   4.0245168309027690E-012   4.0246139754174237E-012
   2.7755575615628914E-017   2.7755575615628914E-017
   5.5511151231257827E-017   5.5511151231257827E-017
   3.2610719680192801E-013   3.2612801348363973E-013
   2.7755575615628914E-017   2.7755575615628914E-017
   2.7686186676589841E-015   2.7686186676589841E-015
   3.3956171208160413E-013   3.3956171208160413E-013
   3.8857805861880479E-016   3.8857805861880479E-016
   2.5895952049381776E-014   2.5895952049381776E-014
   2.7755575615628914E-017   2.7755575615628914E-017
   1.2150003225741557E-014   1.2150003225741557E-014
   1.3877787807814457E-017   1.3877787807814457E-017
   2.6704471967065047E-012   2.6705027078577359E-012
   1.0973236208577930E-012   1.0973583153273125E-012
   2.7755575615628914E-017   2.0816681711721685E-017
   3.3145153288671736E-012   3.3145985955940205E-012
   1.0973305597516969E-012   1.0973583153273125E-012
   6.2450045135165055E-017   6.2450045135165055E-017
   2.4000107456956243E-012   2.4000523790590478E-012
   1.0973583153273125E-012   1.0973583153273125E-012
   5.5511151231257827E-017   6.2450045135165055E-017
   6.9388939039072284E-018   6.9388939039072284E-018
   1.6564388749529257E-012   1.6564666305285414E-012
   1.3877787807814457E-017   1.3877787807814457E-017
   1.0973305597516969E-012   1.0973583153273125E-012
   6.2450045135165055E-017   6.2450045135165055E-017
   5.5511151231257827E-017   5.5511151231257827E-017
   1.0715595077925855E-012   1.0715872633682011E-012
   5.5511151231257827E-017   4.1633363423443370E-017
   2.7755575615628914E-017   1.3877787807814457E-017
   1.0973305597516969E-012   1.0973583153273125E-012
   6.9388939039072284E-017   6.2450045135165055E-017
   2.0122792321330962E-016   1.9428902930940239E-016
   6.3211935685814069E-013   6.3214711243375632E-013
   1.6653345369377348E-016   1.8041124150158794E-016
   4.1633363423443370E-017   4.1633363423443370E-017
   1.4932499681208355E-014   1.4946377469016170E-014
   2.0539125955565396E-015   2.0608514894604468E-015
   2.3175905639050143E-015   2.3175905639050143E-015
   6.2450045135165055E-017   6.2450045135165055E-017
   2.7061686225238191E-016   2.7061686225238191E-016
   3.2351898937577062E-013   3.2351898937577062E-013
   5.2735593669694936E-016   5.4123372450476381E-016
   2.7755575615628914E-017   2.7755575615628914E-017
   2.4702462297909733E-015   2.4563684419831588E-015
   5.0966175724198592E-014   5.0973114618102500E-014
   1.3183898417423734E-016   1.2490009027033011E-016
   6.2450045135165055E-017   6.2450045135165055E-017
   1.3877787807814457E-017   6.9388939039072284E-018
   1.3877787807814457E-017   1.3877787807814457E-017
   4.0939474033052647E-016   4.0939474033052647E-016
   1.2922996006636822E-013   1.2921608227856041E-013
   1.4710455076283324E-015   1.4571677198205180E-015
   1.3877787807814457E-017   1.3877787807814457E-017
   4.5796699765787707E-016   4.5796699765787707E-016
   1.1102230246251565E-016   9.7144514654701197E-017
   1.0824674490095276E-015   1.0824674490095276E-015
   2.9420910152566648E-015   2.9490299091605721E-015
   5.5511151231257827E-017   6.2450045135165055E-017
   6.9388939039072284E-018   6.9388939039072284E-018
   1.1102230246251565E-016   1.1102230246251565E-016
   7.9103390504542404E-016   7.8409501114151681E-016
   2.9851121574608896E-014   2.9851121574608896E-014
   1.3877787807814457E-017   1.3877787807814457E-017
   3.6776137690708310E-015   3.6776137690708310E-015
   6.9388939039072284E-017   6.9388939039072284E-017
   4.3569314822633487E-014   4.3569314822633487E-014
   8.2572837456496018E-016   8.2572837456496018E-016
   6.2450045135165055E-017   6.2450045135165055E-017
   5.7592819402429996E-016   5.7592819402429996E-016
   2.9420910152566648E-015   2.9420910152566648E-015
   5.5511151231257827E-016   5.5511151231257827E-016
   1.6653345369377348E-016   1.5265566588595902E-016
   8.9372953482325102E-015   8.9511731360403246E-015
   1.8209045382633349E-013   1.8208351493242958E-013
   1.2490009027033011E-016   1.1796119636642288E-016
   6.9388939039072284E-018   6.9388939039072284E-018
   2.5604518505417673E-015   2.5673907444456745E-015
   5.0695558861946211E-014   5.0681681074138396E-014
   2.2232216068118760E-014   2.2218338280310945E-014
   2.7755575615628914E-017   1.3877787807814457E-017
   4.4963338607928449E-013   4.4966114165490012E-013
   6.9388939039072284E-018   6.9388939039072284E-018
   1.3877787807814457E-017   6.9388939039072284E-018
   1.2323475573339238E-014   1.2323475573339238E-014
   3.7747582837255322E-015   3.7747582837255322E-015
   6.4739880123454441E-014   6.4726002335646626E-014
   4.1633363423443370E-017   4.1633363423443370E-017
   8.7219814703942689E-013   8.7222590261504251E-013
   3.4694469519536142E-017   3.4694469519536142E-017
   6.9388939039072284E-018   6.9388939039072284E-018
   4.0245168309027690E-012   4.0246139754174237E-012
   1.3877787807814457E-017   2.7755575615628914E-017
   4.1633363423443370E-017   4.1633363423443370E-017
   3.7884972936552685E-013   3.7884972936552685E-013
   2.7755575615628914E-017   3.4694469519536142E-017
   3.5943470422239443E-015   3.6012859361278515E-015
   2.7484958753376532E-013   2.7484958753376532E-013
   5.6898930012039273E-016   5.6898930012039273E-016
   1.3877787807814457E-017   1.3877787807814457E-017
   1.4072076837123859E-014   1.4072076837123859E-014
   6.8695049648681561E-016   7.0082828429463007E-016
   5.9327542878406803E-015   5.9396931817445875E-015
   2.0816681711721685E-017   2.0816681711721685E-017
   2.4394514186454330E-012   2.4394930520088565E-012
   1.0973236208577930E-012   1.0973583153273125E-012
   2.0816681711721685E-017   2.0816681711721685E-017
   3.3783809083587357E-012   3.3784919306611982E-012
   1.0973374986456008E-012   1.0973583153273125E-012
   6.9388939039072284E-017   6.2450045135165055E-017
   2.4526769504262802E-012   2.4527324615775115E-012
   1.0973583153273125E-012   1.0973583153273125E-012
   6.2450045135165055E-017   6.2450045135165055E-017
   6.9388939039072284E-018   6.9388939039072284E-018
   1.6986134721008739E-012   1.6986828610399130E-012
   1.3877787807814457E-017   1.3877787807814457E-017
   1.0973097430699852E-012   1.0973583153273125E-012
   6.2450045135165055E-017   6.2450045135165055E-017
   4.8572257327350599E-017   4.8572257327350599E-017
   1.1041167979897182E-012   1.1041306757775260E-012
   2.7755575615628914E-017   4.1633363423443370E-017
   2.7755575615628914E-017   1.3877787807814457E-017
   1.0973305597516969E-012   1.0973583153273125E-012
   6.2450045135165055E-017   6.2450045135165055E-017
   1.8735013540549517E-016   1.9428902930940239E-016
   6.5591976294854248E-013   6.5590588516073467E-013
   1.6653345369377348E-016   1.6653345369377348E-016
   5.5511151231257827E-017   4.1633363423443370E-017
   1.7236212457305555E-014   1.7236212457305555E-014
   1.3114509478384662E-015   1.3114509478384662E-015
   2.8449465006019636E-015   2.8518853945058709E-015
   6.2450045135165055E-017   6.2450045135165055E-017
   2.6367796834847468E-016   2.6367796834847468E-016
   3.3947844535475724E-013   3.3947844535475724E-013
   4.9960036108132044E-016   4.9960036108132044E-016
   2.7755575615628914E-017   2.7755575615628914E-017
   2.7339241981394480E-015   2.7339241981394480E-015
   4.5331793874225923E-014   4.5338732768129830E-014
   1.5265566588595902E-016   1.5265566588595902E-016
   6.2450045135165055E-017   6.2450045135165055E-017
   6.9388939039072284E-018   6.9388939039072284E-018
   1.3877787807814457E-017   1.3877787807814457E-017
   3.9551695252271202E-016   4.0245584642661925E-016
   1.3848644453418046E-013   1.3847256674637265E-013
   1.3739009929736312E-015   1.3739009929736312E-015
   1.3877787807814457E-017   1.3877787807814457E-017
   5.2735593669694936E-016   5.1347814888913490E-016
   1.2490009027033011E-016   1.2490009027033011E-016
   5.9674487573602164E-016   5.9674487573602164E-016
   3.4278135885301708E-015   3.4278135885301708E-015
   6.9388939039072284E-018   6.9388939039072284E-018
   6.2450045135165055E-017   6.2450045135165055E-017
   6.9388939039072284E-018   6.9388939039072284E-018
   9.7144514654701197E-017   9.7144514654701197E-017
   7.4246164771807344E-016   7.4940054162198066E-016
   3.3750779948604759E-014   3.3750779948604759E-014
   3.4833247397614286E-015   3.4694469519536142E-015
   8.3266726846886741E-017   6.9388939039072284E-017
   3.8448411121549952E-014   3.8441472227646045E-014
   8.7430063189231078E-016   8.7430063189231078E-016
   6.2450045135165055E-017   6.2450045135165055E-017
   5.2041704279304213E-016   5.2735593669694936E-016
   2.5535129566378600E-015   2.5535129566378600E-015
   9.5756735873919752E-016   9.5756735873919752E-016
   1.1102230246251565E-016   1.1102230246251565E-016
   8.4515727749590042E-015   8.4515727749590042E-015
   1.6977391714689816E-013   1.6979473382860988E-013
   1.3877787807814457E-016   1.3877787807814457E-016
   6.9388939039072284E-018   6.9388939039072284E-018
   2.3453461395206432E-015   2.3384072456167360E-015
   5.6010751592339147E-014   5.6024629380146962E-014
   2.0941581801992015E-014   2.0927704014184201E-014
   1.3877787807814457E-017   1.3877787807814457E-017
   4.2838649294552056E-013   4.2838649294552056E-013
   6.9388939039072284E-018   6.9388939039072284E-018
   6.9388939039072284E-018   6.9388939039072284E-018
   1.1012024625500771E-014   1.1012024625500771E-014
   4.9543702473897611E-015   4.9682480351975755E-015
   5.9757754300449051E-014   5.9743876512641236E-014
   2.7755575615628914E-017   4.1633363423443370E-017
   8.4043882964124350E-013   8.4045964632295522E-013
   5.5511151231257827E-017   5.5511151231257827E-017
   6.9388939039072284E-018   6.9388939039072284E-018
   4.0245168309027690E-012   4.0246139754174237E-012
   2.7755575615628914E-017   2.7755575615628914E-017
   2.7755575615628914E-017   2.7755575615628914E-017
   4.3634540425330215E-013   4.3637315982891778E-013
   2.7755575615628914E-017   3.4694469519536142E-017
   4.6698755973295647E-015   4.6698755973295647E-015
   2.1814494655103545E-013   2.1815882433884326E-013
   8.4654505627668186E-016   8.1878948066105295E-016
   1.3877787807814457E-017   1.3877787807814457E-017
   8.9928064994637680E-015   8.9928064994637680E-015
   2.7131075164277263E-015   2.7200464103316335E-015
   3.4694469519536142E-015   3.4763858458575214E-015
   2.7755575615628914E-017   2.7755575615628914E-017
   2.2208346273089319E-012   2.2209040162479710E-012
   1.0973374986456008E-012   1.0973583153273125E-012
   1.3877787807814457E-017   1.3877787807814457E-017
   3.4430236439675355E-012   3.4431069106943823E-012
   1.0973305597516969E-012   1.0973583153273125E-012
   6.2450045135165055E-017   6.2450045135165055E-017
   2.5060370445473268E-012   2.5060925556985580E-012
   1.0973374986456008E-012   1.0973583153273125E-012
   6.2450045135165055E-017   6.2450045135165055E-017
   1.7414819586392127E-012   1.7415235920026362E-012
   1.3877787807814457E-017   1.3877787807814457E-017
   1.0973305597516969E-012   1.0973583153273125E-012
   6.2450045135165055E-017   6.2450045135165055E-017
   4.1633363423443370E-017   4.8572257327350599E-017
   1.1372569552747791E-012   1.1372708330625869E-012
   4.1633363423443370E-017   4.1633363423443370E-017
   1.3877787807814457E-017   1.3877787807814457E-017
   1.0973236208577930E-012   1.0973583153273125E-012
   6.2450045135165055E-017   6.2450045135165055E-017
   1.8735013540549517E-016   1.8735013540549517E-016
   6.8019201382440997E-013   6.8020589161221778E-013
   1.5265566588595902E-016   1.5265566588595902E-016
   2.7755575615628914E-017   4.1633363423443370E-017
   2.0122792321330962E-014   2.0095036745715333E-014
   7.6327832942979512E-016   7.5633943552588789E-016
   3.5457747848965937E-015   3.5457747848965937E-015
   6.2450045135165055E-017   6.2450045135165055E-017
   2.6367796834847468E-016   2.5673907444456745E-016
   3.5589586833140174E-013   3.5589586833140174E-013
   4.7184478546569153E-016   4.7184478546569153E-016
   4.1633363423443370E-017   2.7755575615628914E-017
   3.0392355299113660E-015   3.0392355299113660E-015
   4.0099867870679873E-014   4.0099867870679873E-014
   1.8735013540549517E-016   1.8735013540549517E-016
   6.2450045135165055E-017   6.2450045135165055E-017
   6.9388939039072284E-018   6.9388939039072284E-018
   1.3877787807814457E-017   6.9388939039072284E-018
   3.8857805861880479E-016   3.8857805861880479E-016
   1.4810375148499588E-013   1.4811762927280370E-013
   1.2906342661267445E-015   1.2906342661267445E-015
   1.3877787807814457E-017   1.3877787807814457E-017
   5.6898930012039273E-016   5.6898930012039273E-016
   1.9428902930940239E-016   1.8041124150158794E-016
   2.6367796834847468E-016   2.6367796834847468E-016
   4.1078251911130792E-015   4.1008862972091720E-015
   6.9388939039072284E-018   6.9388939039072284E-018
   6.2450045135165055E-017   6.2450045135165055E-017
   6.9388939039072284E-018   6.9388939039072284E-018
   8.3266726846886741E-017   8.3266726846886741E-017
   7.0776717819853729E-016   7.0776717819853729E-016
   3.7941871866564725E-014   3.7955749654372539E-014
   1.3877787807814457E-017   1.3877787807814457E-017
   3.2751579226442118E-015   3.2751579226442118E-015
   8.3266726846886741E-017   8.3266726846886741E-017
   3.3702207691277408E-014   3.3695268797373501E-014
   9.1593399531575415E-016   9.2287288921966137E-016
   6.2450045135165055E-017   6.2450045135165055E-017
   4.7878367936959876E-016   4.7184478546569153E-016
   2.2412627309620348E-015   2.2482016248659420E-015
   1.5265566588595902E-015   1.5126788710517758E-015
   9.7144514654701197E-017   9.7144514654701197E-017
   7.9936057773011271E-015   7.9936057773011271E-015
   1.5799167529806368E-013   1.5801249197977540E-013
   1.5959455978986625E-016   1.5959455978986625E-016
   1.3877787807814457E-017   1.3877787807814457E-017
   2.1233015345956119E-015   2.1302404284995191E-015
   6.1700644593543075E-014   6.1686766805735260E-014
   1.9734214262712158E-014   1.9720336474904343E-014
   1.3877787807814457E-017   1.3877787807814457E-017
   4.0772246689968483E-013   4.0772940579358874E-013
   6.9388939039072284E-018   1.3877787807814457E-017
   6.9388939039072284E-018   6.9388939039072284E-018
   9.8671071313560788E-015   9.8740460252599860E-015
   6.3560268159790212E-015   6.3421490281712067E-015
   5.5302984414140610E-014   5.5302984414140610E-014
   4.1633363423443370E-017   4.1633363423443370E-017
   8.0936646273954693E-013   8.0939421831516256E-013
   5.5511151231257827E-017   5.5511151231257827E-017
   6.9388939039072284E-018   6.9388939039072284E-018
   4.0245168309027690E-012   4.0246139754174237E-012
   4.1633363423443370E-017   2.7755575615628914E-017
   1.3877787807814457E-017   1.3877787807814457E-017
   4.9883708275189065E-013   4.9884402164579456E-013
   3.4694469519536142E-017   4.1633363423443370E-017
   6.0576543781110104E-015   6.0645932720149176E-015
   1.6914247780164260E-013   1.6912860001383478E-013
   1.1934897514720433E-015   1.1934897514720433E-015
   1.3877787807814457E-017   1.3877787807814457E-017
   6.0784710598227321E-015   6.0784710598227321E-015
   6.5364380574806091E-015   6.5225602696727947E-015
   2.1579960041151480E-015   2.1579960041151480E-015
   4.8572257327350599E-017   4.8572257327350599E-017
   2.0144441670311153E-012   2.0145135559701544E-012
   1.0973374986456008E-012   1.0973583153273125E-012
   1.3877787807814457E-017   1.3877787807814457E-017
   3.5083741467545337E-012   3.5084574134813806E-012
   1.0973305597516969E-012   1.0973583153273125E-012
   6.9388939039072284E-017   6.2450045135165055E-017
   2.5600910280587641E-012   2.5601465392099954E-012
   1.0973374986456008E-012   1.0973583153273125E-012
   6.2450045135165055E-017   6.2450045135165055E-017
   6.9388939039072284E-018   6.9388939039072284E-018
   1.7849888234167111E-012   1.7850165789923267E-012
   1.3877787807814457E-017   1.3877787807814457E-017
   1.0973374986456008E-012   1.0973583153273125E-012
   6.9388939039072284E-017   6.2450045135165055E-017
   4.1633363423443370E-017   4.1633363423443370E-017
   1.1709661018599604E-012   1.1710077352233839E-012
   2.7755575615628914E-017   2.7755575615628914E-017
   1.3877787807814457E-017   1.3877787807814457E-017
   1.0973374986456008E-012   1.0973583153273125E-012
   5.5511151231257827E-017   6.2450045135165055E-017
   1.8041124150158794E-016   1.8735013540549517E-016
   7.0500549842478222E-013   7.0503325400039785E-013
   1.5265566588595902E-016   1.3877787807814457E-016
   4.1633363423443370E-017   2.7755575615628914E-017
   2.3786528302593979E-014   2.3786528302593979E-014
