   1.1102230246251565E-016   4.7411592914481754E-022
   2.7755575615628914E-017   3.6919738425321672E-018
   3.5527136788005009E-015   3.0149943785401057E-015
   1.2434497875801753E-014   1.2529644596427024E-014
   4.4408920985006262E-016   2.0043016026448604E-016
   1.6653345369377348E-016   5.2938436322529081E-018
   1.1102230246251565E-016   2.9946070008324591E-022
   1.1102230246251565E-016   1.4763438227580580E-021
   8.8817841970012523E-016   4.9136897833788922E-016
   1.4210854715202004E-014   1.5888526430013339E-014
   1.7763568394002505E-015   4.0086510119236226E-016
   8.8817841970012523E-016   1.5212744043453144E-021
   1.1102230246251565E-016   1.7838289110431583E-022
   1.1102230246251565E-016   4.7411592787715653E-022
   1.3322676295501878E-015   1.6263730336932277E-015
   4.5297099404706387E-014   4.4234485539810176E-014
   3.7747582837255322E-015   3.7826086664797015E-015
   1.3877787807814457E-017   2.1888462828691115E-028
   1.1102230246251565E-016   7.5624360911861890E-022
   8.8817841970012523E-016   1.7638579826623401E-015
   1.7763568394002505E-015   1.2587574172643430E-015
   1.1102230246251565E-016   9.3530481722071307E-022
   5.5511151231257827E-017   2.7793912896899998E-024
   2.2204460492503131E-016   1.8660006117666709E-017
   1.2212453270876722E-013   1.2490730573095629E-013
   1.5543122344752192E-015   4.3471381770924365E-016
   1.1102230246251565E-016   1.1742272086174343E-022
   5.5511151231257827E-017   3.8011200771529131E-024
   1.1102230246251565E-016   2.5701248103591451E-023
   2.2204460492503131E-016   3.6137890815318267E-018
   9.7699626167013776E-015   8.8001669972860386E-015
   1.8651746813702630E-014   1.8933788414302592E-014
   1.1102230246251565E-016   1.5447169589993001E-022
   1.1102230246251565E-016   6.2089595338959526E-023
   2.7755575615628914E-017   1.0571156577577513E-025
   1.1102230246251565E-016   2.0429178955897305E-024
   1.3322676295501878E-015   6.5815848380564399E-016
   1.7763568394002505E-015   1.4629027009984446E-015
   1.2079226507921703E-013   1.2490730573887484E-013
   4.4408920985006262E-016   2.3747941373959906E-017
   6.6613381477509392E-016   5.0314278647928565E-018
   4.4408920985006262E-016   8.6230992639386044E-018
   1.1102230246251565E-016   3.3459651344623600E-023
   2.2204460492503131E-016   1.2591018624345540E-017
   8.8817841970012523E-016   9.9134909885285868E-018
   1.6875389974302379E-014   1.8933788521431837E-014
   1.1102230246251565E-016   7.4084234959329528E-022
   2.7755575615628914E-017   2.8561786294830574E-025
   1.1102230246251565E-016   4.7411592535041534E-022
   4.4408920985006262E-016   8.7186437902374978E-017
   1.7763568394002505E-015   7.8036457659107771E-016
   1.0569323194431490E-013   1.0405745710066132E-013
   2.2204460492503131E-016   2.8824308074382283E-016
   2.2204460492503131E-016   4.7047788859242049E-017
   1.1102230246251565E-016   3.5347121804618916E-022
   8.8817841970012523E-016   8.6351671809758424E-019
   5.5511151231257827E-017   1.1852884586876836E-023
   1.1102230246251565E-016   4.7411592536599459E-022
   2.2204460492503131E-016   4.5270683388563218E-018
   2.6645352591003757E-015   2.6259853520746726E-015
   9.7699626167013776E-015   1.0261977002365694E-014
   6.6613381477509392E-016   1.4855624190513444E-016
   1.1102230246251565E-016   7.0585349236912318E-018
   2.2204460492503131E-016   3.9345880226405978E-019
   2.7755575615628914E-017   9.6574037225896458E-025
   1.1102230246251565E-016   1.4763438300107124E-021
   2.2204460492503131E-016   3.0444167169384351E-020
   1.6875389974302379E-014   1.7136683416627958E-014
   4.4408920985006262E-016   3.1618936085469893E-019
   1.1102230246251565E-016   1.1039490682766558E-021
   1.1102230246251565E-016   1.6075834364085399E-022
   1.1102230246251565E-016   1.3056384642209467E-020
   1.3322676295501878E-015   1.8294542556548013E-015
   3.9079850466805510E-014   3.9945511145177515E-014
   2.6645352591003757E-015   3.3957258748799803E-015
   6.9388939039072284E-018   3.2554338090317413E-029
   4.4408920985006262E-016   1.2035151450686408E-018
   1.1102230246251565E-016   7.0011115483548121E-020
   8.8817841970012523E-016   1.2105626165444345E-015
   2.6645352591003757E-015   1.6101670828861946E-015
   2.2204460492503131E-016   8.1298987554783327E-021
   1.1102230246251565E-016   8.6896804691196933E-022
   5.5511151231257827E-017   1.8739144519807301E-024
   2.2204460492503131E-016   2.7350758625026051E-017
   4.4408920985006262E-016   3.3807148847009353E-016
   1.2168044349891716E-013   1.2490730509015900E-013
   2.2204460492503131E-015   5.0905136026489260E-016
   1.1102230246251565E-016   1.5811658490624341E-022
   5.5511151231257827E-017   3.0285768243385450E-024
   2.2204460492503131E-016   2.8552885443912962E-018
   8.8817841970012523E-015   8.8001669345578341E-015
   1.8651746813702630E-014   1.8933788595366187E-014
   4.4408920985006262E-016   4.7134859871419989E-018
   4.4408920985006262E-016   8.3087067419835347E-020
   5.5511151231257827E-017   4.4697800960610177E-023
   2.7755575615628914E-017   1.6501456634600820E-025
   4.4408920985006262E-016   7.2136646341067451E-016
   1.7763568394002505E-015   1.3515443661622223E-015
   1.2212453270876722E-013   1.2490730509162181E-013
   4.4408920985006262E-016   1.9764474061017501E-017
   3.3306690738754696E-016   1.1325831775868194E-017
   1.1102230246251565E-016   8.9474268303977849E-024
   1.7763568394002505E-015   6.2199130435077781E-019
   8.8817841970012523E-016   7.7992860656205591E-016
   1.7763568394002505E-014   1.8933788769609510E-014
   1.1102230246251565E-016   7.5087093080056743E-022
   2.7755575615628914E-017   1.5274982210147320E-025
   1.3877787807814457E-017   1.7176543192550375E-026
   1.1102230246251565E-016   4.7411591976043415E-022
   4.4408920985006262E-016   9.8413865232914202E-017
   1.7763568394002505E-015   9.3667408824117658E-016
   9.5923269327613525E-014   9.5976879425074643E-014
   4.4408920985006262E-016   2.6143041711713564E-016
   4.4408920985006262E-016   4.3159390485050252E-017
   1.1102230246251565E-016   6.3296024044587913E-024
   1.1102230246251565E-016   4.9768959019746440E-023
   1.1102230246251565E-016   1.4503871345483259E-027
   4.4408920985006262E-016   1.3232649566642644E-017
   2.2204460492503131E-016   5.5294101547713354E-018
   1.7763568394002505E-015   4.3014051113925327E-017
   8.8817841970012523E-016   1.0801567591501299E-015
   8.8817841970012523E-016   8.4030836786570383E-016
   1.1102230246251565E-016   8.1033823741294719E-023
   5.5511151231257827E-017   9.8737455945447270E-024
   1.1102230246251565E-016   4.7411591965056727E-022
   2.6645352591003757E-015   2.2737129487957055E-015
   7.9936057773011271E-015   8.2602484338678122E-015
   4.4408920985006262E-016   3.1091963685332550E-016
   2.2204460492503131E-016   1.1434616053273273E-016
   1.1102230246251565E-016   9.3140934741693148E-018
   1.1102230246251565E-016   1.7827370438792595E-022
   1.1102230246251565E-016   1.3842589902944919E-023
   1.1102230246251565E-016   1.4763438410450391E-021
   4.4408920985006262E-016   1.4072799446482399E-021
   1.1102230246251565E-016   6.5524725675749531E-019
   8.8817841970012523E-016   5.7102805422012539E-016
   8.8817841970012523E-016   1.2242796375684783E-016
   1.7763568394002505E-014   1.8933788822380407E-014
   1.7763568394002505E-015   3.9162176113614989E-016
   2.2204460492503131E-016   8.5493850557563485E-031
   1.1102230246251565E-016   1.0998361264034923E-021
   1.1102230246251565E-016   1.4454535329068178E-022
   2.2204460492503131E-016   1.0875059992168879E-020
   2.2204460492503131E-015   2.0668660128210210E-015
   3.5527136788005009E-014   3.5866947449892887E-014
   2.2204460492503131E-015   3.0381038177019589E-015
   1.1102230246251565E-016   1.5837587374134268E-022
   4.4408920985006262E-016   1.3146686752022501E-018
   8.8817841970012523E-016   8.3085780672711457E-016
   1.7763568394002505E-015   2.0038506865745682E-015
   1.7763568394002505E-015   4.0086509056793364E-016
   4.4408920985006262E-016   3.7271659583345141E-018
   1.1102230246251565E-016   2.4669189423801430E-022
   1.1102230246251565E-016   8.0641209140825807E-022
   5.5511151231257827E-016   3.9213308654012184E-017
   8.8817841970012523E-016   3.0554814838092476E-016
   1.2345680033831741E-013   1.2490730424144824E-013
   2.8865798640254070E-015   5.9458688767322442E-016
   1.1102230246251565E-016   1.0269821641429222E-024
   1.1102230246251565E-016   1.2066479850996975E-023
   5.5511151231257827E-017   2.3867117886424772E-024
   1.1102230246251565E-016   1.6259415863334454E-023
   2.2204460492503131E-016   2.2329794094963900E-018
   1.1102230246251565E-016   1.4550441549884347E-023
   9.7699626167013776E-015   8.8001668515558823E-015
   1.7763568394002505E-015   1.3979480729882145E-015
   2.2204460492503131E-016   2.1137289080351468E-022
   1.1102230246251565E-016   3.1423598284451589E-023
   2.7755575615628914E-017   2.4843644959325551E-025
   5.5511151231257827E-017   3.3157432709618671E-024
   8.8817841970012523E-016   7.8985730257501414E-016
   1.7763568394002505E-015   1.2463308250396832E-015
   1.2212453270876722E-013   1.2490730423538562E-013
   5.5511151231257827E-016   1.4702991543743107E-017
   6.9388939039072284E-018   7.5402523956420623E-030
   2.2204460492503131E-016   1.2591018735167956E-017
   8.8817841970012523E-016   9.6777668915746197E-016
   1.9539925233402755E-014   1.8933788879081691E-014
   1.1102230246251565E-016   7.6105548786983029E-022
   2.7755575615628914E-017   7.4545699670844388E-026
   1.3877787807814457E-017   8.3464774533197110E-027
   8.8817841970012523E-016   1.1250924093211436E-015
   8.8817841970012523E-014   8.8187934598626587E-014
   2.2204460492503131E-016   2.3651422508207684E-016
   1.1102230246251565E-016   4.0271883612308218E-022
   5.5511151231257827E-017   5.6914850653963599E-023
   1.7763568394002505E-015   3.6574986481851339E-017
   8.8817841970012523E-016   1.1730331887486052E-015
   1.7763568394002505E-015   1.6570738020372406E-015
   1.7763568394002505E-015   8.4056094895288777E-018
   1.1102230246251565E-016   2.3512273713562411E-022
   1.1102230246251565E-016   6.7301404226699047E-023
   4.4408920985006262E-016   6.6666821268035831E-018
   2.2204460492503131E-016   2.7621648728057909E-017
   2.6645352591003757E-015   1.9561492334065576E-015
   7.1054273576010019E-015   6.5131571557553509E-015
   4.4408920985006262E-016   3.8728244615852705E-016
   2.2204460492503131E-016   8.6400122842075787E-017
   2.2204460492503131E-016   1.3449557239415432E-022
   5.5511151231257827E-017   1.8237636788523990E-023
   8.8817841970012523E-016   5.0771913323730850E-016
   8.8817841970012523E-016   1.4288746822118014E-016
   1.8651746813702630E-014   1.8933788930569733E-014
   1.7763568394002505E-015   3.1910146308069257E-016
   4.4408920985006262E-016   4.0938526951022201E-019
   1.1102230246251565E-016   1.2965860078053897E-022
   1.1102230246251565E-016   1.9512553341700372E-020
   2.2204460492503131E-015   2.3464136082402264E-015
   3.2862601528904634E-014   3.1997974083547345E-014
   2.6645352591003757E-015   2.7083958592878092E-015
   2.2204460492503131E-016   5.3311218075736750E-021
   2.2204460492503131E-016   3.8730593551385859E-019
   3.5527136788005009E-015   2.4402916623400886E-015
   1.1102230246251565E-016   2.7116076891988222E-022
   2.7755575615628914E-017   1.1055063271697378E-024
   1.1102230246251565E-016   3.4182979091173037E-025
   3.3306690738754696E-016   5.5148688903278055E-017
   4.4408920985006262E-016   2.7496299760495359E-016
   1.2345680033831741E-013   1.2490730383584135E-013
   4.4408920985006262E-016   7.2583865512423940E-022
   1.6653345369377348E-015   6.9286052407916857E-016
   1.1102230246251565E-016   2.7356578679052770E-022
   7.9936057773011271E-015   8.8001668121128387E-015
   4.4408920985006262E-016   6.6104189475429491E-018
   2.2204460492503131E-016   2.9623395590315754E-023
   1.1102230246251565E-016   2.4563363871621894E-022
   5.5511151231257827E-017   2.1495393896750154E-023
   1.1102230246251565E-016   4.8645734610158676E-024
   1.3322676295501878E-015   8.6402261288965253E-016
   1.2301271112846734E-013   1.2490730382455855E-013
   2.2204460492503131E-016   1.8886393043668702E-017
   1.1102230246251565E-016   4.1805776951943522E-023
   2.2204460492503131E-016   1.2591018771670935E-017
   8.8817841970012523E-016   1.1850080174533585E-015
   1.7763568394002505E-014   1.8933788996687337E-014
   1.1102230246251565E-016   7.7139882388980056E-022
   4.4408920985006262E-016   1.2458106760795372E-016
   7.9936057773011271E-014   8.0690316777864110E-014
   2.2204460492503131E-016   2.1340665158182720E-016
   3.3306690738754696E-016   3.6063505805907035E-017
   1.1102230246251565E-016   3.6792245696268975E-022
   1.1102230246251565E-016   6.4864776323346584E-023
   2.2204460492503131E-016   8.7693550039636618E-018
   8.8817841970012523E-016   1.2713251113920066E-015
   1.7763568394002505E-015   2.8249718434929983E-015
   8.8817841970012523E-016   4.2640633454048155E-017
   1.1102230246251565E-016   4.7411591228634512E-022
   1.9428902930940239E-016   8.0143525610216423E-018
   8.8817841970012523E-016   1.6712810106260008E-015
   5.3290705182007514E-015   5.0088753105585399E-015
   8.8817841970012523E-016   4.8302858392690782E-016
   1.1102230246251565E-016   1.5783369232506543E-017
   1.1102230246251565E-016   9.9718694704050208E-023
   5.5511151231257827E-017   2.3699269506619673E-023
   5.5511151231257827E-017   2.1827703346943200E-024
   2.2204460492503131E-016   1.4763438549972424E-021
   2.2204460492503131E-016   3.9811787438550919E-019
   1.7763568394002505E-015   4.5084163273938078E-016
   8.8817841970012523E-016   1.6568822095513426E-016
   1.9539925233402755E-014   1.8933789115242188E-014
   1.1102230246251565E-016   8.8956489228120729E-022
   1.1102230246251565E-016   4.7411591200137040E-022
   2.6645352591003757E-015   2.6782593980252721E-015
   2.8421709430404007E-014   2.8337816774302901E-014
   1.9984014443252818E-015   2.4052700333692345E-015
   2.7755575615628914E-016   4.7461436644063658E-021
   3.4694469519536142E-018   2.8374957609395923E-030
   1.1102230246251565E-016   1.4763438547818597E-021
   8.8817841970012523E-016   2.5374231221748499E-017
   3.5527136788005009E-015   2.9199871071710912E-015
   1.7763568394002505E-015   4.0086508282061757E-016
   1.1102230246251565E-016   6.9200425737509698E-022
   4.4408920985006262E-016   2.4628280014587085E-016
   1.2523315717771766E-013   1.2490730315211430E-013
   2.6645352591003757E-015   8.0562074628885300E-016
   1.1102230246251565E-016   6.3714762452768555E-024
   5.5511151231257827E-017   1.4276702024688266E-024
   4.4408920985006262E-016   7.3231435816400245E-019
   9.7699626167013776E-015   8.8001667461053126E-015
   8.8817841970012523E-016   4.1302150345710399E-017
   8.8817841970012523E-016   4.8900308448657057E-016
   1.1102230246251565E-016   1.4242185611511178E-023
   5.5511151231257827E-017   6.9510366602041111E-024
   8.8817841970012523E-016   9.4428116110292124E-016
   1.2256862191861728E-013   1.2490730313783483E-013
   3.3306690738754696E-016   2.4027964991048289E-017
   1.1102230246251565E-016   3.6163502411550746E-023
   1.3877787807814457E-017   4.2722007396496370E-028
   2.2204460492503131E-016   1.2591018832060889E-017
   1.7763568394002505E-015   1.4339423746235920E-015
   1.8651746813702630E-014   1.8933789190781344E-014
   4.4408920985006262E-016   1.5667210852970154E-018
   2.2204460492503131E-016   7.8190380292964953E-022
   1.7763568394002505E-015   1.6294098572831759E-015
   7.4606987254810520E-014   7.3483772427561370E-014
   6.6613381477509392E-016   1.9202143720206486E-016
   4.4408920985006262E-016   1.3232649425441052E-017
   2.2204460492503131E-016   1.0861162959416042E-017
   8.8817841970012523E-016   1.1629020547942022E-015
   3.5527136788005009E-015   3.9524053760305678E-015
   4.4408920985006262E-016   3.3557429011082055E-018
   8.8817841970012523E-016   1.0135091111855798E-019
   2.2204460492503131E-016   3.7638910228633301E-022
   1.1102230246251565E-016   4.5347876168577512E-023
   5.5511151231257827E-017   5.4583807606243934E-024
   1.1102230246251565E-016   4.7411590846380724E-022
   2.2204460492503131E-016   9.5796464459809675E-018
   4.4408920985006262E-016   4.2579054546242897E-017
   1.7763568394002505E-015   1.4171118256985682E-015
   3.5527136788005009E-015   3.7349675299005014E-015
   4.4408920985006262E-016   4.6150176700461068E-017
   1.1102230246251565E-016   7.2496127882938969E-023
   5.5511151231257827E-017   2.7888835202131273E-024
   1.1102230246251565E-016   1.4763438622508381E-021
   8.8817841970012523E-016   3.9978124564605576E-016
   8.8817841970012523E-016   1.9097972732405042E-016
   1.8651746813702630E-014   1.8933789252986708E-014
   1.7763568394002505E-015   2.0879667337155164E-016
   1.1102230246251565E-016   7.9696607500630295E-022
   1.1102230246251565E-016   4.7411590888853704E-022
   1.1102230246251565E-016   5.3173533278850163E-020
   1.1102230246251565E-016   1.3525268788202532E-019
   4.4408920985006262E-015   3.0758568880994617E-015
   2.4868995751603507E-014   2.4885758003633735E-014
   4.4408920985006262E-016   5.5641925118881283E-018
   2.2204460492503131E-015   2.1274098507621600E-015
   4.4408920985006262E-016   1.3590349026667058E-024
   2.2204460492503131E-016   1.5711503749378201E-019
   8.8817841970012523E-016   2.5894333087501607E-016
   4.4408920985006262E-015   3.4434403298375165E-015
   8.8817841970012523E-016   2.8917085763713752E-018
   1.1102230246251565E-016   3.2597523363903505E-022
   2.2204460492503131E-016   6.3984410720439786E-022
   1.2345680033831741E-013   1.2490730263384488E-013
   3.5527136788005009E-015   9.3485516351733598E-016
   5.5511151231257827E-017   4.4914311145450527E-022
   1.1102230246251565E-016   4.8300783389537480E-024
   2.2204460492503131E-016   9.9338277521630687E-019
   9.7699626167013776E-015   8.8001666969858060E-015
   8.8817841970012523E-016   1.0847989985279061E-016
   8.8817841970012523E-016   3.4862464014763599E-016
   1.7763568394002505E-015   4.0086507894197891E-016
   8.8817841970012523E-016   4.8258825210238129E-021
   1.1102230246251565E-016   3.2777105849879269E-022
   2.7755575615628914E-017   7.1677918013539191E-025
   1.3322676295501878E-015   1.0310808129319093E-015
   1.7763568394002505E-015   9.6558400055485565E-016
   1.2168044349891716E-013   1.2490730261944823E-013
   2.2204460492503131E-016   1.9984620646881048E-018
   1.1102230246251565E-016   3.1144185993096460E-023
   1.1102230246251565E-016   3.3920805009360779E-022
   1.3877787807814457E-017   6.6178176802721834E-027
   1.1102230246251565E-016   4.3458732125808594E-023
   4.4408920985006262E-016   1.8395860347940799E-019
   2.6645352591003757E-015   1.7169059147274327E-015
   1.7763568394002505E-014   1.8933789336114788E-014
   6.9388939039072284E-018   3.6085828175699760E-028
   2.2204460492503131E-016   1.5644427611379336E-016
   1.7763568394002505E-015   1.9664801256426845E-015
   6.5725203057809267E-014   6.6568103307784339E-014
   4.4408920985006262E-016   2.4667801411196513E-018
   4.4408920985006262E-016   1.7227395404384368E-016
   1.1102230246251565E-016   9.2314260598177615E-021
   1.1102230246251565E-016   3.0548140259461023E-022
   1.1102230246251565E-016   9.8241708239171383E-023
   1.1102230246251565E-016   1.9432919817923374E-025
   1.7763568394002505E-015   8.4626167885830820E-016
   4.4408920985006262E-015   4.7993242723989868E-015
   2.2204460492503131E-016   1.1389796406108755E-017
   4.4408920985006262E-016   5.2508350607788771E-017
   8.8817841970012523E-016   1.1916643013743345E-015
   2.6645352591003757E-015   2.6782862422469992E-015
   4.4408920985006262E-016   7.5806685414795773E-016
   1.1102230246251565E-016   2.5940516281759320E-017
   2.2204460492503131E-016   1.2087964343324812E-018
   1.1102230246251565E-016   5.1539620077934434E-023
   1.1102230246251565E-016   3.8598139039326420E-023
   4.4408920985006262E-016   5.2651939648456815E-021
   8.8817841970012523E-016   3.5398186620157064E-016
   1.8651746813702630E-014   1.8933789342445832E-014
   1.1102230246251565E-016   9.2152980729296233E-023
   1.1102230246251565E-016   8.2338329101539546E-020
   1.1102230246251565E-016   2.1450672103678206E-019
   3.5527136788005009E-015   3.5573655180368562E-015
   2.2204460492503131E-014   2.1641150679908947E-014
   6.6613381477509392E-016   1.8735152976777664E-015
   4.4408920985006262E-016   1.0296410298818782E-018
   2.2204460492503131E-016   3.3399573864861558E-019
   5.3290705182007514E-015   4.0111561480830792E-015
   1.7763568394002505E-015   4.0086507599137155E-016
   1.1102230246251565E-016   3.5655124331416101E-022
   2.2204460492503131E-016   5.9084812691195157E-022
   5.5511151231257827E-017   7.1802134160385255E-024
   4.4408920985006262E-016   1.9449676602945061E-016
   8.8817841970012523E-016   8.1388398299669342E-017
   1.2168044349891716E-013   1.2102593517491015E-013
   2.1094237467877974E-015   1.0549166587527699E-015
   1.1102230246251565E-016   5.6600193993260857E-022
   1.1102230246251565E-016   8.5801746623856337E-024
   2.2204460492503131E-016   7.3685585651438520E-019
   9.7699626167013776E-015   8.8001666638953772E-015
   8.8817841970012523E-016   2.5662241140414764E-016
   5.5511151231257827E-017   5.5416819283366845E-024
   2.7755575615628914E-017   9.7627525402434516E-025
   8.8817841970012523E-016   1.0258408703219114E-015
   8.8817841970012523E-016   8.8298017819160872E-016
   1.2212453270876722E-013   1.2490730226730681E-013
   2.2204460492503131E-016   3.7909281740161524E-017
   1.1102230246251565E-016   2.9208103722558942E-022
   1.3877787807814457E-017   3.8569877577121492E-026
   1.1102230246251565E-016   3.7891438017883293E-023
   1.1102230246251565E-016   2.3841115132906761E-023
   2.6645352591003757E-015   2.0362282258915993E-015
   1.8651746813702630E-014   1.8933789435564097E-014
   1.3877787807814457E-017   5.8417183934957871E-028
   2.2204460492503131E-016   4.7411590472125779E-022
   2.2204460492503131E-016   1.7482285015549595E-016
   1.7763568394002505E-015   2.3796116876995748E-015
   5.9507954119908391E-014   5.9943167609010930E-014
   4.4408920985006262E-016   5.1883412937317729E-018
   5.5511151231257827E-017   2.7009759227734673E-017
   1.1102230246251565E-016   2.2525126891951241E-020
   1.1102230246251565E-016   2.7758738047409303E-022
   4.4408920985006262E-016   1.0385892343880753E-017
   5.3290705182007514E-015   5.7144736794424939E-015
   4.4408920985006262E-016   3.9236233781120259E-018
   5.5511151231257827E-017   2.9478071005176426E-023
   2.2204460492503131E-016   1.3474594721857754E-017
   2.6645352591003757E-015   1.8248327771051412E-015
   4.4408920985006262E-016   9.5711899243163282E-016
   4.4408920985006262E-016   2.1986895468101112E-017
   5.5511151231257827E-017   4.8480722000827755E-023
   8.8817841970012523E-016   2.4964197915988112E-016
   1.8651746813702630E-014   1.8933789516607435E-014
   4.4408920985006262E-016   6.5981457106886615E-019
   8.8817841970012523E-016   3.5455165416341362E-018
   1.1102230246251565E-016   6.3441236967465261E-022
   1.1102230246251565E-016   8.1784775620700070E-023
   1.1102230246251565E-016   1.2328681522174585E-019
   4.4408920985006262E-015   4.1478657712212443E-015
   1.7763568394002505E-014   1.8603434651475999E-014
   1.7763568394002505E-015   1.6423038349117777E-015
   6.9388939039072284E-018   5.5228800625972558E-028
   4.4408920985006262E-016   1.6945311579776439E-022
   1.1102230246251565E-016   2.2472383394075135E-019
   5.3290705182007514E-015   4.6236378613896841E-015
   1.7763568394002505E-015   4.0086507155161430E-016
   1.1102230246251565E-016   3.8940103691370132E-022
   1.1102230246251565E-016   5.4487287353480366E-022
   1.1102230246251565E-015   1.8556701086906328E-016
   4.4408920985006262E-016   1.7131649006002559E-016
   8.8817841970012523E-016   6.8050754802631824E-017
   1.1368683772161603E-013   1.1387174206409011E-013
   5.2180482157382357E-015   1.0549166672288630E-015
   1.1102230246251565E-016   2.0143190483508966E-024
   2.2204460492503131E-016   7.0630510248564264E-022
   1.1102230246251565E-016   4.0811205579477291E-024
   1.1102230246251565E-016   1.4375418294542240E-023
   2.2204460492503131E-016   5.3721406807131559E-019
   7.9936057773011271E-015   8.8001666025651305E-015
   8.8817841970012523E-016   3.7410690664954744E-016
   8.8817841970012523E-016   1.9249107083326157E-016
   1.1102230246251565E-016   4.3105796322762739E-022
   1.1102230246251565E-016   3.3886306477259239E-023
   1.3322676295501878E-015   9.6282187113954231E-016
   8.8817841970012523E-016   8.0554216128972672E-016
   1.1901590823981678E-013   1.2490730162734778E-013
   8.8817841970012523E-016   4.7077597360177603E-017
   1.1102230246251565E-016   3.2906961418504759E-023
   2.2204460492503131E-016   1.2591018965296319E-017
   1.7763568394002505E-015   2.3942398641125083E-015
   1.8651746813702630E-014   1.8933789616849331E-014
   1.7763568394002505E-015   1.8494774875483846E-017
   2.2204460492503131E-016   1.6836727071230295E-024
   1.1102230246251565E-016   1.3165920719138472E-023
   1.1102230246251565E-016   8.1441819630039501E-022
   6.9388939039072284E-018   4.5048358780459227E-030
   2.2204460492503131E-016   1.9501672750404438E-016
   3.5527136788005009E-015   2.8892540097771947E-015
   5.1514348342607263E-014   5.3608877935495902E-014
   4.4408920985006262E-016   1.0168578555754466E-017
   2.2204460492503131E-016   1.3736209389397157E-016
   1.1102230246251565E-016   4.8262806644384547E-020
   1.1102230246251565E-016   2.5175188815653612E-022
   1.1102230246251565E-016   5.2617081140971749E-023
   4.4408920985006262E-016   8.6191639474692656E-018
   2.2204460492503131E-016   1.2591018999528281E-017
   8.8817841970012523E-016   1.3008565787110957E-018
   5.3290705182007514E-015   6.6979152583997308E-015
   8.8817841970012523E-016   3.7769087625288101E-018
   1.1102230246251565E-016   6.3003555839432974E-022
   1.1102230246251565E-016   4.7411589897392511E-022
   1.7763568394002505E-015   8.1913565226110248E-016
   8.8817841970012523E-016   1.1595662493819033E-015
   1.7763568394002505E-015   1.2187908614712738E-015
   1.1102230246251565E-016   4.1581056655464777E-017
   1.1102230246251565E-016   1.7909749320133886E-018
   1.1102230246251565E-016   6.0323729962510749E-023
   1.1102230246251565E-016   1.4763438801831419E-021
   2.2204460492503131E-016   1.2704662585698058E-019
   1.7763568394002505E-015   2.7619806225902941E-016
   1.7763568394002505E-014   1.8933789698833647E-014
   1.7763568394002505E-015   1.0575374702259598E-016
   4.4408920985006262E-016   7.3804063281737848E-019
   1.1102230246251565E-016   4.7411589881316036E-022
   1.1102230246251565E-016   1.7938060913248068E-019
   5.3290705182007514E-015   4.8829675747631770E-015
   1.5987211554602254E-014   1.5772156178168579E-014
   1.9984014443252818E-015   1.4325114301141080E-015
   5.5511151231257827E-017   5.6699937205585062E-020
   3.4694469519536142E-018   1.7565909148303682E-027
   5.3290705182007514E-015   5.2813852733339964E-015
   1.7763568394002505E-015   4.0086506687275712E-016
   4.4408920985006262E-016   2.7795799951639391E-019
   1.1102230246251565E-016   4.2465145938730432E-022
   2.2204460492503131E-016   5.0177908976540505E-022
   5.5511151231257827E-017   1.8550468045216038E-023
   4.4408920985006262E-016   2.4395982364731664E-016
   4.4408920985006262E-016   1.4989196155963873E-016
   1.0835776720341528E-013   1.0694048639574386E-013
   3.7747582837255322E-015   1.0549166748742814E-015
   2.7755575615628914E-017   4.2045081876975815E-025
   9.7699626167013776E-015   8.8001665387337862E-015
   8.8817841970012523E-016   5.8433626536576781E-016
   1.7763568394002505E-015   4.0086506719250330E-016
   2.2204460492503131E-016   1.7558068191464810E-023
   2.2204460492503131E-016   5.8152913861387260E-023
   1.1102230246251565E-016   2.7724063591833523E-023
   8.8817841970012523E-016   9.0210651309828751E-016
   1.1990408665951691E-013   1.2490730096309100E-013
   6.6613381477509392E-016   5.8067904021452037E-017
   2.7755575615628914E-017   3.9916608405195046E-025
   1.1102230246251565E-016   3.3650523735272595E-023
   1.7763568394002505E-015   2.6042421531255151E-019
   3.5527136788005009E-015   2.7932703224882894E-015
   1.8651746813702630E-014   1.8933789805739806E-014
   8.8817841970012523E-016   9.6336147890643092E-020
   1.1102230246251565E-016   1.6925442428871281E-023
   1.1102230246251565E-016   8.2559964465238203E-022
   1.1102230246251565E-016   4.7411589637609369E-022
   2.2204460492503131E-016   2.1717628389935626E-016
   3.5527136788005009E-015   3.1909786401961438E-015
   4.6185277824406512E-014   4.5851649226744039E-014
   4.4408920985006262E-016   1.2203700313817413E-016
   8.3266726846886741E-017   2.1946837560553962E-017
   1.1102230246251565E-016   9.3927688366125797E-020
   1.1102230246251565E-016   2.2786079918762550E-022
   8.8817841970012523E-016   7.1085323402571680E-018
   8.8817841970012523E-016   3.4079531840811532E-016
   8.8817841970012523E-015   7.7497528470024489E-015
   8.8817841970012523E-016   1.8493442089365642E-018
   1.7763568394002505E-015   6.7258574977721887E-018
   1.1102230246251565E-016   6.3836668937162270E-022
   5.5511151231257827E-017   1.8601194979819453E-017
   8.8817841970012523E-016   7.9824300812415501E-017
   8.8817841970012523E-016   6.6612747607854463E-016
   2.2204460492503131E-015   1.5716211911043217E-015
   4.4408920985006262E-016   8.9135804697549631E-018
   1.1102230246251565E-016   5.2229429815542132E-017
   1.1102230246251565E-016   7.4414431380302616E-023
   5.5511151231257827E-017   6.7011561519011759E-024
   1.1102230246251565E-016   1.4763438885441117E-021
   1.1102230246251565E-016   4.7992412375830097E-020
   8.8817841970012523E-016   3.2010405655151755E-016
   1.8651746813702630E-014   1.8933789886530869E-014
   1.7763568394002505E-015   2.2771583231051939E-020
   1.1102230246251565E-016   4.7411589458033423E-022
   5.3290705182007514E-015   5.8149794687538472E-015
   1.2434497875801753E-014   1.3146990027232454E-014
   2.1094237467877974E-015   1.2428937032879554E-015
   1.1102230246251565E-016   7.8075945469375832E-021
   8.3266726846886741E-017   2.2535642190776171E-021
   2.7755575615628914E-017   4.5870444079583284E-026
   1.3877787807814457E-017   4.4948187279287183E-027
   1.1102230246251565E-016   1.4763438906298259E-021
   4.4408920985006262E-016   1.8540182711421915E-021
   8.8817841970012523E-016   1.0509518086259025E-016
   6.2172489379008766E-015   5.9848934410501690E-015
   1.7763568394002505E-015   4.0086506203155565E-016
   5.5511151231257827E-017   2.8111038982581022E-023
   6.6613381477509392E-016   3.1770903425341254E-016
   8.8817841970012523E-016   4.6288210277935152E-017
   1.0125233984581428E-013   1.0023118594335780E-013
   3.9968028886505635E-015   1.0549166827267468E-015
   1.1102230246251565E-016   7.7536077819062000E-025
   2.2204460492503131E-016   1.0713722050758991E-021
   2.7755575615628914E-017   2.9351821530080162E-025
   4.4408920985006262E-016   3.9092938498541928E-019
   8.8817841970012523E-015   8.8001664737101038E-015
   2.2204460492503131E-016   5.5952200554155359E-022
   8.3266726846886741E-017   8.4850703200085396E-025
   2.2204460492503131E-015   8.4367362076441154E-016
   1.2434497875801753E-013   1.2490730028530787E-013
   4.4408920985006262E-016   7.1176977747812969E-017
   1.1102230246251565E-016   1.6290549227985980E-023
   2.7755575615628914E-017   9.4134665698316272E-025
   3.5527136788005009E-015   3.2356462617214017E-015
   1.8651746813702630E-014   1.8933789998332771E-014
   1.7763568394002505E-015   4.0202106935591767E-017
   2.2204460492503131E-016   2.7299052823466783E-024
   3.4694469519536142E-018   5.7015024341181834E-031
   4.4408920985006262E-016   2.4146258269842441E-016
   2.6645352591003757E-015   2.9969898863899653E-015
   3.4638958368304884E-014   3.5242938177696849E-014
   5.5511151231257827E-017   1.9684909785111387E-017
   2.2204460492503131E-016   1.6975767702565496E-019
   5.5511151231257827E-017   2.5710891520763838E-023
   2.2204460492503131E-016   1.2591019107637920E-017
   8.8817841970012523E-016   2.5330969988522968E-016
   8.8817841970012523E-016   9.2812420326050732E-018
   8.8817841970012523E-015   8.8701284671192392E-015
   2.2204460492503131E-016   4.9616015703011011E-028
   5.5511151231257827E-017   1.4216243057370966E-023
   2.2204460492503131E-016   2.1717054680711435E-017
   8.8817841970012523E-016   5.3836164290379506E-016
   8.8817841970012523E-016   1.2950641170458427E-016
   8.8817841970012523E-016   3.2641293363652934E-016
   2.2204460492503131E-015   2.0659757392652633E-015
   1.1102230246251565E-016   2.5876402607049862E-018
   1.1102230246251565E-016   9.1068948456090771E-023
   5.5511151231257827E-017   8.1636933738563880E-024
   2.2204460492503131E-016   1.4763438969681924E-021
   4.4408920985006262E-016   4.1235621969784627E-018
   2.2204460492503131E-016   6.5113373991867566E-020
   1.1102230246251565E-016   9.0009751771935232E-020
   1.5987211554602254E-014   1.8933790075625492E-014
   1.7763568394002505E-015   6.4787736345041052E-017
   1.1102230246251565E-016   5.6114859593812262E-023
   1.1102230246251565E-016   3.5367172507576157E-019
   2.2204460492503131E-016   1.0186195232385683E-018
   6.2172489379008766E-015   7.0241173895442174E-015
   9.7699626167013776E-015   1.0727759948030339E-014
   7.7715611723760958E-016   1.0722271091448827E-015
   1.1102230246251565E-016   1.6910152087795850E-019
   1.1102230246251565E-016   1.9124610850556687E-021
   1.1102230246251565E-016   1.4763438992932319E-021
   2.2204460492503131E-016   1.8836702671103098E-019
   1.1102230246251565E-016   3.6708057124646978E-019
   7.1054273576010019E-015   6.7346518564130214E-015
   1.7763568394002505E-015   4.0086505717965527E-016
   1.1102230246251565E-016   5.0288589112212405E-022
   5.5511151231257827E-017   4.1288495441714856E-023
   2.2204460492503131E-016   4.1025653954528363E-016
   9.3258734068513149E-014   9.3742858061907093E-014
   3.9968028886505635E-015   1.0549166905843095E-015
   1.1102230246251565E-016   1.3040737388441246E-021
   2.7755575615628914E-017   1.9922723206562189E-025
   5.5511151231257827E-017   1.3992535012750821E-024
   1.1102230246251565E-016   5.2377412827226463E-023
   9.7699626167013776E-015   8.8001664095106532E-015
   8.8817841970012523E-016   1.1847530235164763E-015
   4.4408920985006262E-016   5.2849995213814696E-018
   2.7755575615628914E-017   3.7139760979447493E-025
   1.1102230246251565E-016   5.9007260242505507E-020
   1.3322676295501878E-015   7.8750151262301842E-016
   8.8817841970012523E-016   6.0230890760841179E-016
   1.2168044349891716E-013   1.2490729961071896E-013
   4.4408920985006262E-016   8.6742141058900703E-017
   1.1102230246251565E-016   1.5219244159584316E-022
   5.5511151231257827E-017   2.0997512459276879E-023
   3.5527136788005009E-015   3.7236900446135114E-015
   1.9539925233402755E-014   1.8933790188556478E-014
   4.4408920985006262E-016   4.8558929402864372E-019
   1.1102230246251565E-016   2.7049478154248284E-023
   1.1102230246251565E-016   6.1293146726715635E-022
   1.1102230246251565E-016   2.8593411794940008E-022
   2.2204460492503131E-016   2.6804807796838743E-016
   3.5527136788005009E-015   2.8114193810839106E-015
   2.5757174171303632E-014   2.6262102995149184E-014
   4.4408920985006262E-016   9.5260143414624999E-017
   2.2204460492503131E-016   2.8931016381439254E-019
   1.1102230246251565E-016   1.8547581700412736E-022
   2.2204460492503131E-016   1.2591019165950177E-017
   9.7699626167013776E-015   1.0059216760784272E-014
   8.8817841970012523E-016   3.4334336317145163E-019
   1.7763568394002505E-015   3.6861523019787057E-017
   1.7763568394002505E-015   9.0263202313008727E-018
   4.4408920985006262E-016   5.2821229069827815E-018
   5.5511151231257827E-017   1.0851569079189273E-023
   5.5511151231257827E-017   1.2741846186515188E-024
   1.1102230246251565E-016   4.7411588607705401E-022
   2.2204460492503131E-016   2.5256094568359259E-017
   8.8817841970012523E-016   2.1747417901438981E-016
   8.8817841970012523E-016   1.1984929239955670E-016
   3.9968028886505635E-015   2.8045422204674088E-015
   4.4408920985006262E-016   8.1314945193292806E-017
   2.2204460492503131E-016   3.0844241344143665E-018
   1.1102230246251565E-016   1.1063401824595412E-022
   4.4408920985006262E-016   4.9528924567289077E-018
   8.8817841970012523E-016   1.8782211782460788E-016
   1.7763568394002505E-015   4.0361828230791873E-016
   1.8651746813702630E-014   1.8933790259857270E-014
   1.7763568394002505E-015   5.0043616644177393E-017
   1.1102230246251565E-016   4.8202416494998400E-019
   2.2204460492503131E-016   1.4253309628421320E-018
   7.1054273576010019E-015   7.8568366303357604E-015
   7.9936057773011271E-015   8.0358569479522537E-015
   6.6613381477509392E-016   9.1931019460287195E-016
   1.1102230246251565E-016   2.7290164760835313E-019
   1.1102230246251565E-016   1.6134908898242151E-021
   1.3877787807814457E-017   1.9635149463847112E-026
   1.1102230246251565E-016   1.4763439077289453E-021
   4.4408920985006262E-016   9.1795220274369691E-021
   1.1102230246251565E-016   4.2770234430064201E-019
   7.9936057773011271E-015   7.5311439767734418E-015
   1.7763568394002505E-015   4.0086505243234492E-016
   4.4408920985006262E-016   4.7693194961270994E-019
   1.1102230246251565E-016   5.4614823010529946E-022
   1.1102230246251565E-016   3.8845580441710721E-022
   5.5511151231257827E-017   5.9037829478537163E-023
   8.8817841970012523E-016   9.5719181043204926E-017
   8.7041485130612273E-014   8.7474520606462960E-014
   4.8849813083506888E-015   1.0549166982699413E-015
   2.7755575615628914E-017   1.5761346854510882E-021
   2.7755575615628914E-017   1.3085598417742255E-025
   1.1102230246251565E-016   7.5611463191257649E-023
   8.8817841970012523E-015   8.8001663084368968E-015
   8.8817841970012523E-016   1.5838317779085882E-015
   1.7763568394002505E-015   4.0086505051057770E-016
   4.4408920985006262E-016   5.1183902932363987E-018
   2.2204460492503131E-016   8.3837913886203249E-023
   2.7755575615628914E-017   1.3771606955090184E-025
   5.5511151231257827E-017   3.6283813916970098E-024
   1.1102230246251565E-016   1.6163883588336511E-019
   8.8817841970012523E-016   7.3356797009891495E-016
   1.2301271112846734E-013   1.2490729861467566E-013
   4.4408920985006262E-016   1.6643207687372851E-018
   1.1102230246251565E-016   1.0514629477084785E-016
   1.1102230246251565E-016   1.2733651212659166E-022
   6.9388939039072284E-018   3.7185497985144739E-024
   1.1102230246251565E-016   5.4209228190204275E-023
   4.4408920985006262E-015   4.2597184741986609E-015
   1.8651746813702630E-014   1.8933790468819718E-014
   1.1102230246251565E-016   5.0062948391227719E-022
   6.9388939039072284E-018   1.0330467475682545E-027
   2.2204460492503131E-016   2.9711736586978178E-016
   3.5527136788005009E-015   2.6340609864544618E-015
   1.8651746813702630E-014   1.8816033698120722E-014
   8.8817841970012523E-016   9.7833112665861652E-017
   4.4408920985006262E-016   8.3658583999237814E-017
   2.2204460492503131E-016   1.5663081856729884E-017
   2.2204460492503131E-016   4.7008716812695918E-019
   1.1102230246251565E-016   1.6677397812782655E-022
   1.1102230246251565E-016   1.6626141412417897E-022
   8.8817841970012523E-016   1.3988069315176464E-016
   8.8817841970012523E-016   3.3926556910618889E-017
   1.1546319456101628E-014   1.1317219714395138E-014
   1.7763568394002505E-015   4.2914619631419136E-017
   2.2204460492503131E-016   2.9263830634675016E-017
   8.8817841970012523E-016   3.9679826490314403E-016
   8.8817841970012523E-016   2.1938587096934442E-017
   3.9968028886505635E-015   4.0630224010226642E-015
   4.4408920985006262E-016   1.0087833816992387E-016
   2.2204460492503131E-016   3.6578789270747473E-018
   1.1102230246251565E-016   1.3348880948958898E-022
   5.5511151231257827E-017   1.1857369548919675E-023
   4.4408920985006262E-016   5.9068574006446612E-018
   1.1102230246251565E-016   2.5783883300543290E-019
   8.8817841970012523E-016   1.6450584089488418E-016
   8.8817841970012523E-016   4.5066652056714516E-016
   1.6875389974302379E-014   1.8933790534124763E-014
   8.8817841970012523E-016   4.7484297618005924E-018
   2.2204460492503131E-016   7.4574606553385024E-024
   1.1102230246251565E-016   4.2908900423251927E-023
   4.4408920985006262E-016   1.9621661742745001E-018
   6.2172489379008766E-015   7.0886352479279196E-015
   6.2172489379008766E-015   4.5861331293572823E-015
   4.4408920985006262E-016   3.8094834614314870E-017
   1.2212453270876722E-015   7.8296493476135992E-016
   2.2204460492503131E-016   1.3527173049730048E-021
   5.5511151231257827E-017   3.7036260526025939E-025
   1.3877787807814457E-017   3.5828414474888395E-026
   9.7699626167013776E-015   8.3748469088222920E-015
   1.1102230246251565E-016   5.9236807212286963E-022
   1.1102230246251565E-016   8.2474504883350929E-023
   4.4408920985006262E-016   6.6914051747121088E-016
   8.1712414612411521E-014   8.1425193127762285E-014
   4.6629367034256575E-015   1.0549167095526056E-015
   5.5511151231257827E-017   8.2667688413774731E-026
   5.5511151231257827E-017   5.8511817833660515E-025
   1.1102230246251565E-016   1.0649866358618942E-022
   4.4408920985006262E-016   5.4299979760687061E-019
   2.2204460492503131E-016   2.9829430333819461E-020
   2.2204460492503131E-016   7.2731424582873287E-021
   9.7699626167013776E-015   8.8001662089656908E-015
   1.7763568394002505E-015   2.0542838921880501E-015
   1.7763568394002505E-015   4.0086504320472509E-016
   8.8817841970012523E-016   9.6336143422655223E-020
   1.3877787807814457E-017   3.9804534133385308E-026
   5.5511151231257827E-017   4.5494110269098051E-024
   1.1102230246251565E-016   3.7713894940783751E-019
   8.8817841970012523E-016   6.8185019226364563E-016
   8.8817841970012523E-016   4.8916615968234457E-016
   1.2256862191861728E-013   1.2490729758756107E-013
   1.1102230246251565E-016   1.2682360277822180E-016
   1.1102230246251565E-016   1.0578912223957490E-022
   5.5511151231257827E-017   6.5665716838524379E-024
   2.2204460492503131E-016   1.2591019320204453E-017
   6.2172489379008766E-015   4.8460417908845811E-015
   1.9539925233402755E-014   1.8933790758309692E-014
   8.8817841970012523E-016   9.6336143038435365E-020
   3.4694469519536142E-018   4.1960695050120194E-028
   3.5527136788005009E-015   2.4647090476305308E-015
   1.2434497875801753E-014   1.2805577839848705E-014
   8.8817841970012523E-016   1.6227677868132198E-016
   4.4408920985006262E-016   7.3151595301855566E-017
   2.2204460492503131E-016   1.3888449543534510E-017
   1.1102230246251565E-016   4.5632481259603393E-024
   2.2204460492503131E-016   1.2591019338170178E-017
   1.1546319456101628E-014   1.2644361769485823E-014
   2.2204460492503131E-016   2.2587224152359586E-026
   2.2204460492503131E-016   6.7297255101089207E-022
   5.5511151231257827E-017   6.0125452755197893E-024
   2.7755575615628914E-017   7.0010613851057517E-025
   1.1102230246251565E-016   3.3789593653828712E-017
   4.4408920985006262E-016   2.0763645564164724E-016
   1.1990408665951691E-013   1.2490729710967696E-013
   1.1102230246251565E-016   1.2473876921501142E-016
   3.3306690738754696E-016   4.3172661400755370E-018
   1.1102230246251565E-016   1.4763439301151451E-021
   2.2204460492503131E-016   2.0002711110837504E-020
   1.1102230246251565E-016   4.0418523540544199E-019
   8.8817841970012523E-016   5.0145573814527594E-016
   1.9539925233402755E-014   1.8933790818198311E-014
   4.4408920985006262E-016   1.2448457332852380E-018
   2.2204460492503131E-016   1.1832572925739139E-023
   1.1102230246251565E-016   2.9628207337994784E-022
   2.2204460492503131E-016   8.5278841934836918E-019
   2.2204460492503131E-016   2.6623643452081738E-018
   5.3290705182007514E-015   6.3741562748568321E-015
   2.6645352591003757E-015   2.2228657934141882E-015
   1.1102230246251565E-015   6.6203812541344727E-016
   5.5511151231257827E-017   6.4308540323922580E-019
   2.2204460492503131E-016   1.1264418622981164E-021
   1.1102230246251565E-016   1.4763439329194800E-021
   2.2204460492503131E-016   1.1727642277745413E-019
   9.7699626167013776E-015   9.2662312753470346E-015
   1.7763568394002505E-015   4.0086503808496846E-016
   8.8817841970012523E-016   7.7511801031042840E-022
   8.8817841970012523E-016   2.0065780104458284E-021
   1.1102230246251565E-016   6.4169754739397024E-022
   1.1102230246251565E-016   3.2494529394379332E-022
   1.3322676295501878E-015   8.4583296923488532E-016
   7.2830630415410269E-014   7.5593897925087839E-014
   3.7747582837255322E-015   1.0549167211097056E-015
   2.7755575615628914E-017   4.9835320710794945E-026
   4.4408920985006262E-016   6.0287675655003985E-019
   9.7699626167013776E-015   8.8001661071187671E-015
   2.6645352591003757E-015   2.5999235617580807E-015
   2.2204460492503131E-016   4.1591098193704051E-021
   2.2204460492503131E-016   1.0553398704110515E-022
   1.1102230246251565E-016   8.7918009068444143E-024
   1.6653345369377348E-016   7.8439226072428289E-019
   8.8817841970012523E-016   4.3874082381846268E-016
   1.2212453270876722E-013   1.2490729653719300E-013
   1.1102230246251565E-016   1.5226592312401627E-016
   2.7755575615628914E-017   1.0950917763623045E-023
   5.5511151231257827E-017   1.2803909875009385E-023
   1.1102230246251565E-016   7.2795884863117561E-023
   4.4408920985006262E-016   1.2591019412270308E-017
   4.4408920985006262E-015   5.4849627537461034E-015
   1.8651746813702630E-014   1.8933791054688729E-014
   1.7763568394002505E-015   1.3465351702587171E-016
   1.1102230246251565E-016   5.0945970574893828E-023
   1.1102230246251565E-016   3.2495258074421560E-022
   2.0816681711721685E-017   1.4422108885084520E-027
   1.3877787807814457E-017   1.8508911572265909E-026
   4.4408920985006262E-016   3.6351129643035168E-016
   2.6645352591003757E-015   2.3031584602842298E-015
   8.8817841970012523E-015   8.1241796490296753E-015
   2.2204460492503131E-016   1.1092728403017147E-018
   1.1102230246251565E-016   2.0526536729647633E-022
   5.5511151231257827E-017   4.0361286243200321E-024
   1.1102230246251565E-016   6.3250922619202445E-024
   2.2204460492503131E-016   1.2591019426954757E-017
   1.3322676295501878E-014   1.4040885962067918E-014
   1.7763568394002505E-015   5.7223460064596690E-017
   2.7755575615628914E-017   5.0383222748917565E-025
   8.8817841970012523E-016   1.9338172618448762E-016
   1.2168044349891716E-013   1.2490729608462499E-013
   1.1102230246251565E-016   5.0727028504477658E-018
   1.1102230246251565E-016   7.6083670096642576E-025
   5.5511151231257827E-017   1.6789014123839565E-023
   2.2204460492503131E-016   1.4763439431456290E-021
   1.1102230246251565E-016   6.0912987046672178E-019
   8.8817841970012523E-016   1.2535189992585339E-016
   1.7763568394002505E-014   1.8933791110889985E-014
   2.2204460492503131E-016   1.8067007251358009E-023
   1.1102230246251565E-016   2.5756027817356230E-022
   5.5511151231257827E-017   3.2303030434414661E-023
   1.1102230246251565E-016   4.7411586695483677E-022
   1.1102230246251565E-016   1.1107033349954272E-018
   1.1102230246251565E-016   3.5660460676009969E-018
   6.2172489379008766E-015   5.7113080368711841E-015
   8.8817841970012523E-016   7.9854703563330993E-016
   4.4408920985006262E-016   6.1666004088874520E-017
   4.4408920985006262E-016   5.5540288548301419E-016
   8.3266726846886741E-017   9.4813271700075983E-019
   1.1102230246251565E-016   6.4165018950602058E-020
   1.1102230246251565E-016   9.3119855957829076E-022
   1.1102230246251565E-016   1.4763439460339700E-021
   4.4408920985006262E-016   1.9912607039297008E-019
   8.8817841970012523E-016   2.5441237122716045E-016
   9.7699626167013776E-015   1.0205761190078625E-014
   1.7763568394002505E-015   4.0086503059088788E-016
   2.2204460492503131E-016   6.9429416917210560E-022
   1.1102230246251565E-016   2.9644431262446071E-022
   8.8817841970012523E-016   9.3289479931785322E-016
   7.0166095156309893E-014   6.9979661766780840E-014
   4.1078251911130792E-015   1.0549167330357584E-015
   2.2204460492503131E-016   2.6799453197630373E-021
   2.2204460492503131E-016   5.6158468482730870E-020
   1.1102230246251565E-016   1.4037056398929241E-020
   9.7699626167013776E-015   8.8001660381794300E-015
   8.8817841970012523E-016   2.6717566594527802E-017
   8.8817841970012523E-016   1.3224221428888891E-016
   1.7763568394002505E-015   4.0086503065926023E-016
   2.2204460492503131E-016   1.1796100333840913E-022
   2.2204460492503131E-016   1.0222179246586162E-021
   6.9388939039072284E-018   6.2044242082990965E-028
   5.5511151231257827E-017   6.9537724517925665E-024
   8.8817841970012523E-016   5.8496760007007901E-016
   1.2256862191861728E-013   1.2490729582613614E-013
   2.2204460492503131E-016   1.8203010325360896E-016
   1.1102230246251565E-016   7.1316143074187103E-023
   5.5511151231257827E-017   1.0730952767979186E-023
   7.1054273576010019E-015   6.1787759348289124E-015
   1.7763568394002505E-014   1.8933791256485814E-014
   1.7763568394002505E-015   1.7318603577786999E-016
   4.4408920985006262E-016   1.3575818610489566E-018
   4.4408920985006262E-016   3.0583353351297649E-019
   1.1102230246251565E-016   6.1928594980626563E-023
   1.1102230246251565E-016   2.5779589601296214E-022
   1.3877787807814457E-017   3.8811207388554717E-027
   6.6613381477509392E-016   4.0127336646453486E-016
   1.7763568394002505E-015   2.1492046898515398E-015
   4.4408920985006262E-015   4.6559123762103382E-015
   4.4408920985006262E-016   5.5143136301696154E-017
   2.2204460492503131E-016   1.0775190086781092E-017
   1.1102230246251565E-016   2.2736165941896562E-022
   1.1102230246251565E-016   8.5992787102412720E-024
   2.2204460492503131E-016   1.2591019486552141E-017
   8.8817841970012523E-016   1.3150828475651436E-016
   1.5099033134902129E-014   1.5507050517172605E-014
   8.8817841970012523E-016   6.4409702662177691E-019
   2.2204460492503131E-016   1.3949692812913018E-026
   2.2204460492503131E-016   1.0425906951113630E-025
   1.1102230246251565E-016   6.9107612501304094E-022
   1.1102230246251565E-016   4.7411586280900060E-022
   8.8817841970012523E-016   1.4211562369431266E-016
   1.2256862191861728E-013   1.2490729539666096E-013
   4.4408920985006262E-016   1.8915410604640395E-016
   2.2204460492503131E-016   5.9352229248289915E-018
   1.1102230246251565E-016   2.2610954557058209E-022
   5.5511151231257827E-017   1.9808486834393586E-023
   1.1102230246251565E-016   1.4763439521688689E-021
   4.4408920985006262E-016   9.6478583101324310E-018
   2.2204460492503131E-016   7.6896385347647547E-021
   1.7763568394002505E-015   6.1490309335975941E-016
   1.7763568394002505E-014   1.8933791313756122E-014
   2.2204460492503131E-016   2.6705279743793555E-023
   1.1102230246251565E-016   1.4290936174989514E-018
   2.2204460492503131E-016   4.7214381490881838E-018
   5.3290705182007514E-015   5.0980024743225806E-015
   8.8817841970012523E-016   6.0637741648461392E-016
   8.3266726846886741E-017   1.3673960404283572E-018
   2.7755575615628914E-017   1.6237281172013530E-024
   1.1102230246251565E-016   7.5328742866520751E-019
   1.1546319456101628E-014   1.1193894275662745E-014
   8.8817841970012523E-016   2.2405020004895081E-021
   1.7763568394002505E-015   4.0086502540976936E-016
   1.1102230246251565E-016   4.7411586093826726E-022
   1.3322676295501878E-015   1.0315387915167973E-015
   6.3948846218409017E-014   6.4581517590367231E-014
   4.8849813083506888E-015   1.0549167412699426E-015
   8.8817841970012523E-015   8.8001659674459724E-015
   8.8817841970012523E-016   6.1388479375187071E-017
   1.7763568394002505E-015   4.0086502546409821E-016
   4.4408920985006262E-016   1.0035907497482808E-020
   2.2204460492503131E-016   1.1445600290802566E-021
   5.5511151231257827E-017   8.4897124634818830E-024
   5.5511151231257827E-017   2.6692384822959180E-018
   4.4408920985006262E-016   5.3975391713130804E-016
   1.2256862191861728E-013   1.2490729509845460E-013
   3.3306690738754696E-016   2.1674626833137765E-016
   2.2204460492503131E-016   5.0660408773343558E-024
   1.1102230246251565E-016   5.7790663580568366E-023
   5.5511151231257827E-017   2.6686183798034309E-023
   5.5511151231257827E-017   8.9345708922575127E-024
   1.1102230246251565E-016   9.6196339798452473E-023
   4.4408920985006262E-016   6.4562239552899451E-020
   2.2204460492503131E-016   1.2591019539053776E-017
   5.3290705182007514E-015   6.9297670292284478E-015
   1.6875389974302379E-014   1.8933791463441873E-014
   4.4408920985006262E-016   1.7000459468125791E-018
   1.3877787807814457E-017   8.8694748973525979E-027
   1.1102230246251565E-016   3.5883064333707136E-023
   1.7763568394002505E-015   2.0026438431883721E-015
   8.8817841970012523E-016   3.1594931301119443E-017
   1.7763568394002505E-015   2.2724366328696276E-015
