   1.2621774483536189E-029   1.7369330409925324E-071
   1.2621774483536189E-029   4.1524339817317819E-069
   1.0973374986456008E-012   1.0973564256579265E-012
   6.2450045135165055E-017   6.2946885948796215E-017
   2.7755575615628914E-017   2.3125031408059697E-017
   1.3413575805643063E-012   1.3413737098613571E-012
   2.7755575615628914E-017   2.1122262881889100E-017
   4.0389678347315804E-028   9.6134828758058925E-064
   1.3877787807814457E-017   1.3848296048297024E-017
   1.0973166819638891E-012   1.0973564256615222E-012
   5.5511151231257827E-017   6.2946885946325762E-017
   1.3183898417423734E-016   1.2815079492883060E-016
   8.3184847898820635E-013   8.3184900325996834E-013
   9.7144514654701197E-017   9.3092543679198203E-017
   2.7755575615628914E-017   2.7890685307894786E-017
   1.0973305597516969E-012   1.0973564256927371E-012
   6.2450045135165055E-017   6.2946885941230657E-017
   6.9388939039072284E-018   1.1446749581990607E-018
   2.2898349882893854E-016   2.2680121323036395E-016
   4.6053438840232275E-013   4.6055648056051739E-013
   3.0531133177191805E-016   3.1461992416763291E-016
   2.0194839173657902E-028   5.3344846615759877E-063
   4.1633363423443370E-017   4.1908485213704491E-017
   5.6760152133961128E-015   5.6709619265277047E-015
   1.6896206656014101E-014   1.6895995420167022E-014
   5.3429483060085659E-016   5.2954976519200080E-016
   6.2450045135165055E-017   6.2946885851836508E-017
   6.9388939039072284E-018   2.0109876625784317E-021
   3.2612801348363973E-016   3.2736379703138957E-016
   2.1201096433998146E-013   2.1200959498806069E-013
   9.1593399531575415E-016   9.0398277540731811E-016
   2.0194839173657902E-028   1.5167947893172812E-063
   2.7755575615628914E-017   1.7262181997855663E-017
   1.0547118733938987E-015   1.0625432952107287E-015
   1.1117495812840161E-013   1.1116664988510373E-013
   2.0816681711721685E-017   2.4919050605942028E-017
   6.2450045135165055E-017   6.2946885939669686E-017
   6.9388939039072284E-018   8.2056785260408854E-018
   4.1633363423443370E-017   4.1779443635248613E-017
   5.4817261840867104E-016   5.4969536096242853E-016
   6.8417493892525272E-014   6.8428059819198837E-014
   2.3453461395206432E-015   2.3486458436890299E-015
   2.0194839173657902E-028   1.3211007884268354E-063
   1.6653345369377348E-016   1.7869519593557590E-016
   1.3877787807814457E-017   1.6605828098649072E-017
   1.3121448372288569E-014   1.3124162544234643E-014
   1.3322676295501878E-015   1.3302528322156562E-015
   6.2450045135165055E-017   6.2946885953337983E-017
   6.9388939039072284E-018   3.3817553352263092E-018
   2.6367796834847468E-016   2.6290996982454128E-016
   1.3114509478384662E-015   1.3007495683059588E-015
   8.2156503822261584E-015   8.2014362657725521E-015
   4.1633363423443370E-017   3.0193605339772710E-017
   5.7731597280508140E-015   5.7749571298499042E-015
   1.3877787807814457E-017   1.8077316606364055E-021
   2.0194839173657902E-028   9.0602487137528319E-064
   2.7755575615628914E-017   1.9388553326391697E-017
   9.9371899597855418E-014   9.9372466600102174E-014
   3.6082248300317588E-016   3.6305802032662617E-016
   3.4694469519536142E-017   3.0385391161894033E-017
   1.2420620087993939E-015   1.2413216853947435E-015
   1.0128009542142991E-013   1.0128712166115857E-013
   1.4072076837123859E-014   1.4071643182096749E-014
   2.0194839173657902E-028   6.5249708083431006E-064
   1.3877787807814457E-017   7.6503119912931330E-018
   2.9966307213413756E-013   2.9965952813482644E-013
   3.4694469519536142E-017   3.3808984277666581E-017
   6.9388939039072284E-018   2.3378857553987404E-018
   5.4747872901828032E-015   5.4726697893626965E-015
   1.8818280267396403E-014   1.8827291012203715E-014
   3.6748382115092681E-014   3.6726665071470330E-014
   2.0194839173657902E-028   1.4615361947583184E-063
   2.7755575615628914E-017   2.5164473087091308E-017
   6.4272198674331094E-013   6.4273443430513733E-013
   3.4694469519536142E-017   3.0618324094237444E-017
   1.3877787807814457E-017   5.3843206900945224E-018
   4.0245445864783846E-012   4.0246154142861641E-012
   4.1633363423443370E-017   3.5537263879248068E-017
   8.4130619137923190E-013   8.4131453778020548E-013
   2.7755575615628914E-017   2.1323455517101991E-017
   6.9388939039072284E-018   5.0947961172940460E-018
   2.9726221484338566E-014   2.9714193009889731E-014
   1.4835355166553654E-014   1.4848724169929472E-014
   9.6589403142388619E-015   9.6482924966397760E-015
   1.3877787807814457E-017   1.6787149384851529E-017
   8.3266726846886741E-016   8.2771814366213047E-016
   7.9165840549677569E-014   7.9164312799133320E-014
   1.5959455978986625E-016   1.6286284202124804E-016
   6.9388939039072284E-018   1.0306645708521734E-017
   6.9388939039072284E-018   1.5543057165227018E-018
   3.7470027081099033E-016   3.7595042297877792E-016
   1.0449002774137739E-012   1.0449121364436939E-012
   1.3877787807814457E-017   7.1607672278001760E-018
   1.0973305597516969E-012   1.0973564254010772E-012
   6.9388939039072284E-018   6.0826586222728589E-018
   6.9388939039072284E-018   4.8952657178016050E-022
   6.9388939039072284E-018   3.0854419716448807E-020
   3.3512220776188428E-012   3.3513119029874190E-012
   1.3877787807814457E-017   2.6512998983191021E-018
   1.0973305597516969E-012   1.0973564253085861E-012
   4.8572257327350599E-017   4.3358991646929761E-017
   2.8876206981109931E-012   2.8876976623383053E-012
   1.0973374986456008E-012   1.0973564251395040E-012
   6.2450045135165055E-017   6.2946886063922083E-017
   2.0502766151508922E-012   2.0503218825590014E-012
   1.3877787807814457E-017   5.6429327871920815E-018
   1.0973444375395047E-012   1.0973564250252026E-012
   6.2450045135165055E-017   6.2946886080715872E-017
   2.0816681711721685E-017   2.0417660535684570E-017
   1.3785778074648647E-012   1.3785918866986708E-012
   1.3877787807814457E-017   1.8985543031783961E-017
   1.3877787807814457E-017   1.3193172276364245E-017
   1.0973305597516969E-012   1.0973564250075430E-012
   5.5511151231257827E-017   6.2946886084596032E-017
   1.1102230246251565E-016   1.1630904471620789E-016
   8.5981222142095248E-013   8.5983891874582056E-013
   8.3266726846886741E-017   8.5546347756580815E-017
   2.7755575615628914E-017   2.6770276185300320E-017
   1.0973374986456008E-012   1.0973564250389900E-012
   6.2450045135165055E-017   6.2946886079219008E-017
   6.9388939039072284E-018   1.0576432639339563E-018
   2.2204460492503131E-016   2.2233610337420460E-016
   4.8025472487722709E-013   4.8023958318983976E-013
   2.9143354396410359E-016   2.9292625900543172E-016
   4.1633363423443370E-017   4.4067768857551368E-017
   6.3560268159790212E-015   6.3394765213602779E-015
   1.4051260155412137E-014   1.4048812797833742E-014
   6.3143934525555778E-016   6.3263803471212821E-016
   6.2450045135165055E-017   6.2946885972153290E-017
   6.9388939039072284E-018   3.2124962475489760E-018
   6.9388939039072284E-018   2.4452043490755853E-021
   3.2612801348363973E-016   3.1872976195570012E-016
   2.2440382885235977E-013   2.2442380856981810E-013
   8.4654505627668186E-016   8.4856027624671753E-016
   2.7755575615628914E-017   1.8366979563414862E-017
   1.1934897514720433E-015   1.1812227760653992E-015
   1.0210582379599487E-013   1.0209109719197687E-013
   3.4694469519536142E-017   3.1104026306220605E-017
   6.9388939039072284E-017   6.2946886068093678E-017
   1.3877787807814457E-017   7.8015198297643412E-018
   4.1633363423443370E-017   3.6589946648126565E-017
   5.2735593669694936E-016   5.2834760893340595E-016
   7.4773520708504293E-014   7.4788407727928436E-014
   2.2204460492503131E-015   2.2155582686218028E-015
   1.9428902930940239E-016   2.0183004453359473E-016
   1.3877787807814457E-017   1.9915003756317271E-017
   1.0678957718113224E-014   1.0685831913638229E-014
   1.4294121442048890E-015   1.4348795588946136E-015
   6.9388939039072284E-017   6.2946886083026014E-017
   6.9388939039072284E-018   3.6846494828831783E-018
   2.3592239273284576E-016   2.3662120916940561E-016
   1.2004286453759505E-015   1.2074207492070020E-015
   1.0033640585049852E-014   1.0046602281969540E-014
   4.1633363423443370E-017   2.5711561495829626E-017
   5.4539706084710815E-015   5.4598118620294089E-015
   1.3877787807814457E-017   1.3769385607488889E-018
   1.3877787807814457E-017   2.2814381041632778E-017
   9.0878693459472970E-014   9.0876094926302635E-014
   4.1633363423443370E-016   4.1503577725044997E-016
   3.4694469519536142E-017   3.5150581246099892E-017
   1.1310397063368782E-015   1.1300982525764659E-015
   1.0930145677434666E-013   1.0931904469370782E-013
   1.3281042932078435E-014   1.3289084823030212E-014
   2.8302360455256803E-013   2.8302567504966157E-013
   4.1633363423443370E-017   4.0120263618075606E-017
   6.9388939039072284E-018   2.0776943767834924E-018
   6.9388939039072284E-018   6.2025240771315386E-020
   4.9682480351975755E-015   4.9670802384387774E-015
   2.1815882433884326E-014   2.1818616836323708E-014
   3.4389158187764224E-014   3.4389229554127434E-014
   2.7755575615628914E-017   2.3485213325136282E-017
   6.1631255654504002E-013   6.1632280843718211E-013
   2.7755575615628914E-017   2.7050097904035171E-017
   6.9388939039072284E-018   4.9207763330467360E-018
   3.3625879858334429E-014   3.3623195905593259E-014
   6.9388939039072284E-017   6.0352215315137167E-017
   1.3550272015550036E-013   1.3549452058540826E-013
   5.5511151231257827E-017   3.7160482896740209E-017
   8.6990137315723359E-013   8.6991582264680435E-013
   6.9388939039072284E-018   1.1501343696887775E-017
   4.1057435229419070E-014   4.1052328235452510E-014
   6.4670491184415368E-015   6.4502580282144050E-015
   1.4419021532319221E-014   1.4427744619538580E-014
   1.3877787807814457E-017   1.7650568207765773E-017
   5.9674487573602164E-016   5.8804484190049027E-016
   1.0249440185461367E-013   1.0249021146415867E-013
   1.0408340855860843E-016   1.0097286113371290E-016
   1.3877787807814457E-017   1.1980069974395784E-017
   6.9388939039072284E-018   1.0506421917638377E-022
   6.9388939039072284E-018   5.9158974864266318E-025
   5.0653925498522767E-016   5.1228263493870179E-016
   9.1493479459359150E-013   9.1496955133421893E-013
   2.7755575615628914E-017   2.3862409624343348E-017
   1.0973374986456008E-012   1.0973564251240353E-012
   6.9388939039072284E-018   5.1825051092507726E-018
   6.9388939039072284E-018   1.1843106234636032E-019
   3.2555208528961543E-012   3.2556097558394779E-012
   1.0973236208577930E-012   1.0973564249824739E-012
   4.1633363423443370E-017   3.9202667574391033E-017
   2.9464625184161264E-012   2.9465299916259970E-012
   1.3877787807814457E-017   8.4167407515523850E-020
   1.3877787807814457E-017   1.8169874041851243E-018
   1.0973305597516969E-012   1.0973564248090485E-012
   6.2450045135165055E-017   6.2946886125472709E-017
   2.0982243720268912E-012   2.0982690308179227E-012
   1.0973305597516969E-012   1.0973564246867694E-012
   6.2450045135165055E-017   6.2946886143217038E-017
   1.3877787807814457E-017   1.7982646768414849E-017
   1.4164086570289669E-012   1.4164228974615344E-012
   1.3877787807814457E-017   1.7032701298156322E-017
   1.3877787807814457E-017   1.2562015891501394E-017
   1.0973305597516969E-012   1.0973564246583835E-012
   6.2450045135165055E-017   6.2946886147974682E-017
   1.0408340855860843E-016   1.0542833168795287E-016
   8.8837270872943463E-013   8.8838644756344255E-013
   8.3266726846886741E-017   7.8528061698046341E-017
   2.7755575615628914E-017   2.5684425333570759E-017
   1.0973513764334086E-012   1.0973564246866836E-012
   6.2450045135165055E-017   6.2946886143116298E-017
   2.2204460492503131E-016   2.1803021769780682E-016
   5.0040527277417368E-013   5.0041897570075609E-013
   2.7755575615628914E-016   2.7254943882699644E-016
   4.1633363423443370E-017   4.6310308253135997E-017
   7.1054273576010019E-015   7.0994550150209061E-015
   1.1518563880485999E-014   1.1510780392508031E-014
   7.5633943552588789E-016   7.5616182915723782E-016
   6.2450045135165055E-017   6.2946886140175597E-017
   6.9388939039072284E-018   3.0173970898395988E-018
   3.1225022567582528E-016   3.1049551712882589E-016
   2.3725466036239595E-013   2.3726425856649070E-013
   8.0491169285323849E-016   7.9620867945819220E-016
   1.3877787807814457E-017   1.9524939097642711E-017
   1.3183898417423734E-015   1.3126300586459459E-015
   9.3473839779534273E-014   9.3475259968906856E-014
   4.1633363423443370E-017   3.8600275001570518E-017
   6.2450045135165055E-017   6.2946886128642080E-017
   3.4694469519536142E-017   3.1963171588106661E-017
   5.1347814888913490E-016   5.0841140999207003E-016
   8.1476492219678676E-014   8.1490885709911933E-014
   2.0816681711721685E-015   2.0895295930337239E-015
   1.3877787807814457E-017   6.5836983799676972E-018
   2.2204460492503131E-016   2.2760204785390806E-016
   2.7755575615628914E-017   2.4054774285120989E-017
   8.5487172896137054E-015   8.5416892174323062E-015
   1.5543122344752192E-015   1.5550837126626735E-015
   6.2450045135165055E-017   6.2946886145754631E-017
   2.2204460492503131E-016   2.1271235846757012E-016
   1.1241008124329710E-015   1.1252654893215146E-015
   1.2129186544029835E-014   1.2120737225563452E-014
   2.7755575615628914E-017   2.2024366181334679E-017
   5.1486592766991635E-015   5.1615739594952490E-015
   2.7755575615628914E-017   2.6742632037557302E-017
   8.2829576530940585E-014   8.2831199667337316E-014
   4.7184478546569153E-016   4.7392533917656918E-016
   3.4694469519536142E-017   4.0536780644551069E-017
   1.0338951916821770E-015   1.0284709398320743E-015
   1.1772527397369004E-013   1.1772148125955213E-013
   1.2559397966072083E-014   1.2552666633655504E-014
   2.6695312627111889E-013   2.6695850848285204E-013
   4.8572257327350599E-017   4.7430736890440095E-017
   6.9388939039072284E-018   8.4103974086843634E-019
   6.9388939039072284E-018   5.1312868940592202E-024
   4.5102810375396984E-015   4.5122460711965409E-015
   2.5077162568720723E-014   2.5078347659129457E-014
   3.2238101077552983E-014   3.2233493765091101E-014
   2.7755575615628914E-017   2.1901732951135351E-017
   5.9057619905544811E-013   5.9057334754728427E-013
   2.0816681711721685E-017   2.3807313960691650E-017
   6.9388939039072284E-018   4.4909462254177968E-018
   2.7755575615628914E-014   2.7750268686733260E-014
   2.0816681711721685E-016   1.9673381067532841E-016
   1.1729506255164779E-013   1.1727943431784394E-013
   2.7755575615628914E-017   3.8846248399370848E-017
   8.9832308258763760E-013   8.9832463593279385E-013
   6.9388939039072284E-018   5.7813756789733336E-018
   6.9388939039072284E-018   5.8290362925700953E-018
   5.9431626286965411E-014   5.9445189600277285E-014
   1.8179902028236938E-015   1.8298116975601311E-015
   2.2690183065776637E-014   2.2701176926107762E-014
   1.3877787807814457E-017   1.8551039337705943E-017
   4.0245584642661925E-016   4.1490025551691240E-016
   1.2951445471642842E-013   1.2951720411294147E-013
   6.2450045135165055E-017   6.1125804224061546E-017
   1.3877787807814457E-017   1.3874277432552181E-017
   6.9388939039072284E-018   1.5501367212555892E-020
   6.9388939039072284E-018   1.8317705997668222E-018
   7.0082828429463007E-016   6.9097573564471375E-016
   7.9522499696338400E-013   7.9523846055617107E-013
   4.1633363423443370E-017   4.1023729916773177E-017
   1.0973305597516969E-012   1.0973564248930888E-012
   6.9388939039072284E-018   7.5586991154767559E-019
   6.9388939039072284E-018   1.9166174103222333E-019
   3.1601110617174299E-012   3.1601952282751593E-012
   1.0973305597516969E-012   1.0973564247219803E-012
   3.4694469519536142E-017   3.5357196439836446E-017
   3.0060121058994582E-012   3.0060757027223330E-012
   1.0973166819638891E-012   1.0973564245438786E-012
   6.2450045135165055E-017   6.2946886185020848E-017
   2.1468243849298574E-012   2.1468827228129637E-012
   1.3877787807814457E-017   5.0025222274039180E-018
   1.0973444375395047E-012   1.0973564244133157E-012
   6.9388939039072284E-017   6.2946886203731223E-017
   6.9388939039072284E-018   1.5660127948472128E-025
   2.0816681711721685E-017   1.5796903478816709E-017
   1.4548501292566129E-012   1.4548700650227301E-012
   1.3877787807814457E-017   1.5250615668782068E-017
   1.0973236208577930E-012   1.0973564243804385E-012
   6.9388939039072284E-017   6.2946886209203169E-017
   9.7144514654701197E-017   9.5440099321587619E-017
   9.1746055197461374E-013   9.1749524246182893E-013
   6.9388939039072284E-017   7.2006155333465569E-017
   1.3877787807814457E-017   2.4632406836062661E-017
   1.0973374986456008E-012   1.0973564244055789E-012
   6.9388939039072284E-017   6.2946886204880877E-017
   2.0816681711721685E-016   2.1387567209202108E-016
   5.2111093218343285E-013   5.2109876015078400E-013
   2.4980018054066022E-016   2.5341870596099560E-016
   4.1633363423443370E-017   4.5620273687910659E-017
   7.9658502016854982E-015   7.9675350759748800E-015
   9.2703622556200571E-015   9.2698139893777370E-015
   9.0205620750793969E-016   9.0473641166698639E-016
   5.5511151231257827E-017   6.2946886214848886E-017
   6.9388939039072284E-018   2.8315980334919393E-018
   3.0531133177191805E-016   3.0263548809638298E-016
   2.5054958108228220E-013   2.5053571423239788E-013
   7.4940054162198066E-016   7.4677056414630065E-016
   2.7755575615628914E-017   2.0737771309303022E-017
   1.4710455076283324E-015   1.4581783345210337E-015
   8.5313700548539373E-014   8.5311101822897365E-014
   4.8572257327350599E-017   4.7651460537632444E-017
   6.2450045135165055E-017   6.2946886201183806E-017
   6.9388939039072284E-018   7.0392684841070689E-018
   6.9388939039072284E-018   9.2875335663638088E-022
   2.7755575615628914E-017   2.7846271520943700E-017
   4.9266146717741321E-016   4.8975837791790842E-016
   8.8540286213856234E-014   8.8541417924612632E-014
   1.9706458687096529E-015   1.9701939723082092E-015
   2.6367796834847468E-016   2.5628412243627472E-016
   2.7755575615628914E-017   2.9294711381720801E-017
   6.6821548294626609E-015   6.6788382831001096E-015
   1.6930901125533637E-015   1.6945208663955744E-015
   6.2450045135165055E-017   6.2946886220722856E-017
   6.9388939039072284E-018   4.3530480848030022E-018
   1.9428902930940239E-016   1.9098438509067083E-016
   1.0547118733938987E-015   1.0524392552358301E-015
   1.4432899320127035E-014   1.4432603626121201E-014
   2.7755575615628914E-017   1.8965355823499071E-017
   4.8988590961585032E-015   4.8792928615763420E-015
   4.1633363423443370E-017   3.1234225061720177E-017
   7.5231487706162170E-014   7.5229485493373196E-014
   5.4123372450476381E-016   5.4063567804656123E-016
   4.1633363423443370E-017   4.6610853112355559E-017
   9.3675067702747583E-016   9.3559962968472772E-016
   1.2649603586822877E-013   1.2649996092495180E-013
   1.1865508575681361E-014   1.1859254098431233E-014
   2.5143775950198233E-013   2.5145144023201568E-013
   5.5511151231257827E-017   5.5876305993590976E-017
   6.9388939039072284E-018   3.2275636277464661E-018
   6.9388939039072284E-018   7.4254590329492500E-019
   6.9388939039072284E-018   6.1969688641800770E-024
   4.1078251911130792E-015   4.1021644934433427E-015
   2.8615998459713410E-014   2.8614065871737746E-014
   3.0239699633227701E-014   3.0240688580067821E-014
   1.3877787807814457E-017   2.0409437896168265E-017
   5.6546434201720785E-013   5.6548042013765229E-013
   2.0816681711721685E-017   2.0869319296483109E-017
   6.9388939039072284E-018   4.0928180912065933E-018
   2.3564483697668948E-014   2.3556964226450099E-014
   4.4408920985006262E-016   4.3746721590286792E-016
   1.0380585280245214E-013   1.0380258319746856E-013
   2.7755575615628914E-017   4.0596573013070391E-017
   9.2652274741311658E-013   9.2652800595257561E-013
   6.9388939039072284E-018   2.6513804747584019E-018
   1.3877787807814457E-017   6.2280469407103149E-018
   9.6977981201007424E-014   9.6980982411970296E-014
   1.2490009027033011E-016   1.2767904985555280E-016
   4.0897840669629204E-014   4.0876430443372958E-014
   1.3877787807814457E-017   4.6228292252700659E-024
   1.3877787807814457E-017   1.9489865804777625E-017
   2.9143354396410359E-016   2.9006163847990485E-016
   1.6040641037662340E-013   1.6042280516914120E-013
   3.4694469519536142E-017   3.5901130357932547E-017
   1.3877787807814457E-017   1.6012409826036474E-017
   6.9388939039072284E-018   1.9851417728863455E-018
   9.2981178312356860E-016   9.2379175394111797E-016
   6.8542393982795602E-013   6.8543629728495406E-013
   6.9388939039072284E-017   6.7800143752116685E-017
   1.3877787807814457E-017   8.4974033574297785E-018
   1.0973028041760813E-012   1.0973564242745220E-012
   6.9388939039072284E-018   3.6929192409279964E-018
   3.0649927040826697E-012   3.0650865185602853E-012
   1.0973374986456008E-012   1.0973564240947236E-012
   3.4694469519536142E-017   3.1806419403695201E-017
   3.0662694605609886E-012   3.0663376553771468E-012
   1.3877787807814457E-017   1.5537125604693642E-018
   1.0973374986456008E-012   1.0973564239115136E-012
   5.5511151231257827E-017   6.2946886256388884E-017
   2.1960905316475987E-012   2.1961660184899905E-012
   1.0973444375395047E-012   1.0973564237722453E-012
   6.2450045135165055E-017   6.2946886276091955E-017
   1.3877787807814457E-017   1.3838976879869373E-017
   1.4939022241478028E-012   1.4939366983761093E-012
   1.3877787807814457E-017   1.3626924216012660E-017
   1.3877787807814457E-017   1.1369190711347744E-017
   1.0973444375395047E-012   1.0973564237347124E-012
   6.2450045135165055E-017   6.2946886282284045E-017
   8.3266726846886741E-017   8.6280196861805138E-017
   9.4715901788333667E-013   9.4716893415193486E-013
   6.9388939039072284E-017   6.5950716496007837E-017
   1.3877787807814457E-017   5.4643319227446047E-024
   2.7755575615628914E-017   2.3613502146752466E-017
   1.0973583153273125E-012   1.0973564237566212E-012
   6.2450045135165055E-017   6.2946886278502886E-017
   2.0122792321330962E-016   2.0986507926885464E-016
   5.4227455859034990E-013   5.4228300542654433E-013
   2.3592239273284576E-016   2.3546677681955037E-016
   1.3877787807814457E-017   1.4739129549476191E-020
   2.7755575615628914E-017   4.3990016186665616E-017
   8.9650509238481391E-015   8.9647163331594322E-015
   7.3066552808143115E-015   7.3133158397634745E-015
   1.0824674490095276E-015   1.0843127814768209E-015
   6.2450045135165055E-017   6.2946886288395104E-017
   2.9837243786801082E-016   2.9512617147913547E-016
   2.6426083543640289E-013   2.6424289363640564E-013
   6.9388939039072284E-016   7.0009638128439832E-016
   2.7755575615628914E-017   2.2007213631710469E-017
   1.6237011735142914E-015   1.6194600279834403E-015
   7.7597650527394535E-014   7.7590440598930674E-014
   6.2450045135165055E-017   5.8543608676588335E-017
   6.2450045135165055E-017   6.2946886264499582E-017
   6.9388939039072284E-018   6.6803499911707452E-018
   2.0816681711721685E-017   2.4190743874256196E-017
   4.7184478546569153E-016   4.7227488352424624E-016
   9.5951024903229154E-014   9.5945829825625973E-014
   1.8596235662471372E-015   1.8572054074395734E-015
   2.7755575615628914E-016   2.8817662928670585E-016
   2.7755575615628914E-017   3.6018993366723819E-017
   5.0862092315639984E-015   5.0837618785815934E-015
   1.8665624601510444E-015   1.8581056023668282E-015
   6.2450045135165055E-017   6.2946886286730361E-017
   6.9388939039072284E-018   4.7204834622040262E-018
   1.6653345369377348E-016   1.7125439988334090E-016
   9.8532293435482643E-016   9.8748235211505934E-016
   1.7000290064572710E-014   1.6990652196079066E-014
   1.3877787807814457E-017   1.6408455965854338E-017
   4.6213033400022141E-015   4.6120783659034004E-015
   1.3877787807814457E-017   1.1120304681212332E-018
   2.7755575615628914E-017   3.6356313293396133E-017
   1.3877787807814457E-017   2.7174213446066361E-018
   6.8070549197329910E-014   6.8062499220434597E-014
   6.1756155744774333E-016   6.1620578865841776E-016
   4.8572257327350599E-017   5.3445714514208176E-017
   8.5348395018058909E-016   8.5072427454434927E-016
   9.8393515557404498E-015   9.8419681107160707E-015
   1.1379786002407855E-015   1.1254670494259951E-015
   1.1199374760906267E-014   1.1205973856685081E-014
   1.3877787807814457E-017   5.4356974595990565E-018
   2.3649832092687006E-013   2.3649780465259549E-013
   6.2450045135165055E-017   6.5609513770236276E-017
   6.9388939039072284E-018   3.9750906176089772E-018
   3.7331249203020889E-015   3.7317106442591728E-015
   3.2432390106862385E-014   3.2433151185383387E-014
   2.8393953854788379E-014   2.8394634147153648E-014
   1.3877787807814457E-017   1.9003918882191752E-017
   5.4102555768764660E-013   5.4103834792702353E-013
   1.3877787807814457E-017   1.8216118145195985E-017
   6.9388939039072284E-018   3.7244755145850614E-018
   6.9388939039072284E-018   2.4713252035450587E-023
   2.0324020244544272E-014   2.0334852453041541E-014
   8.0491169285323849E-016   8.0081465910340815E-016
   9.3106078402627190E-014   9.3111630965358855E-014
   5.5511151231257827E-017   4.2413523933727032E-017
   9.5449342873976661E-013   9.5451283931988819E-013
   6.9388939039072284E-018   3.3741848407040456E-018
   6.9388939039072284E-018   6.6496332134204628E-018
   4.0244890753271534E-012   4.0246154134979838E-012
   1.3877787807814457E-017   2.0468388021948527E-017
   1.9428902930940239E-016   2.0045900270328205E-016
   1.9537843565231583E-013   1.9537674668027188E-013
   2.0816681711721685E-017   2.0299166606212512E-017
   2.0816681711721685E-017   1.8419508834594295E-017
   6.9388939039072284E-018   5.9535423817459328E-020
   1.2212453270876722E-015   1.2256771546487245E-015
   5.8528182300676690E-013   5.8527221199950954E-013
   1.1102230246251565E-016   1.0848321814643322E-016
   1.0973374986456008E-012   1.0973564236820158E-012
   6.9388939039072284E-018   3.0856017124046441E-018
   2.9702351689309126E-012   2.9703017941474587E-012
   1.3877787807814457E-017   3.4656369503279744E-018
   1.0973444375395047E-012   1.0973564236188330E-012
   2.7755575615628914E-017   2.8534602756599118E-017
   3.1272484601885253E-012   3.1273187028522182E-012
   1.3877787807814457E-017   1.4337123521052950E-018
   1.0973166819638891E-012   1.0973564234303087E-012
   6.2450045135165055E-017   6.2946886381181503E-017
   2.2460505677557308E-012   2.2461219674038341E-012
   1.0973583153273125E-012   1.0973564232819273E-012
   6.2450045135165055E-017   6.2946886401899430E-017
   1.3877787807814457E-017   1.2088947033581977E-017
   1.5335788194903444E-012   1.5336260917547321E-012
   1.3877787807814457E-017   1.2149989100301091E-017
   1.3877787807814457E-017   1.0806334092968491E-017
   1.0973583153273125E-012   1.0973564232395279E-012
   6.2450045135165055E-017   6.2946886408834418E-017
   6.9388939039072284E-018   1.2060594635379398E-020
   7.6327832942979512E-017   7.7888606842844192E-017
   9.7738483972875656E-013   9.7741113231313370E-013
   6.9388939039072284E-017   6.0333376087377441E-017
   2.7755575615628914E-017   2.2627000115757672E-017
   1.0973236208577930E-012   1.0973564232581109E-012
   6.2450045135165055E-017   6.2946886405603823E-017
   2.0122792321330962E-016   2.0599150950264346E-016
   5.6396554093396389E-013   5.6397574960753648E-013
   2.3592239273284576E-016   2.1862967268311357E-016
   4.1633363423443370E-017   4.2404256612147954E-017
   1.0116907311896739E-014   1.0118010064704773E-014
   5.6274429560687622E-015   5.6281029701688939E-015
   1.3045120539345589E-015   1.3027052686464812E-015
   5.5511151231257827E-017   6.2946886415045120E-017
   6.9388939039072284E-018   2.4866452675514916E-018
   2.8449465006019636E-016   2.8794593401057611E-016
   2.7838842342475800E-013   2.7839046435026283E-013
   6.5225602696727947E-016   6.5604403852655088E-016
   2.7755575615628914E-017   2.3335030132862002E-017
   1.8041124150158794E-015   1.7982747879149289E-015
   7.0325689716099760E-014   7.0304939832857939E-014
   7.6327832942979512E-017   7.1612795365518808E-017
   6.9388939039072284E-017   6.2946886393684689E-017
   6.9388939039072284E-018   6.3356956607296845E-018
   2.0816681711721685E-017   2.0952100545803592E-017
   4.5796699765787707E-016   4.5586001658211180E-016
   1.0372258607560525E-013   1.0370985253666568E-013
   1.7624790515924360E-015   1.7502365352700192E-015
   1.3877787807814457E-017   8.2754002997719433E-018
   3.1918911957973251E-016   3.2361033824212147E-016
   4.1633363423443370E-017   4.4790655888294291E-017
   3.7331249203020889E-015   3.7422219039055343E-015
   2.0539125955565396E-015   2.0526244740068022E-015
   6.9388939039072284E-018   1.2737363364771240E-018
   6.2450045135165055E-017   6.2946886418901330E-017
   6.9388939039072284E-018   5.1114026467749015E-018
   1.5265566588595902E-016   1.5335428669713209E-016
   9.2981178312356860E-016   9.2922376504942929E-016
   1.9817480989559044E-014   1.9803052878262715E-014
   1.3877787807814457E-017   1.4256920012524464E-017
   4.3576253716537394E-015   4.3590960787187724E-015
   4.1633363423443370E-017   4.2182865384230707E-017
   1.3877787807814457E-017   3.1168282759466670E-018
   6.1312066534924270E-014   6.1321619589904243E-014
   7.0082828429463007E-016   7.0182684194461775E-016
   5.5511151231257827E-017   6.1120827874446727E-017
   7.7715611723760958E-016   7.7315609642117023E-016
   5.5233595475101538E-015   5.5202500415494661E-015
   2.7755575615628914E-017   1.8015011308210718E-017
   4.5796699765787707E-016   4.4700302574049339E-016
   1.0588752097362431E-014   1.0590186713479239E-014
   1.3877787807814457E-017   9.3906825936918081E-022
   2.2209317718235866E-013   2.2209085380406611E-013
   7.6327832942979512E-017   7.6801565956358213E-017
   6.9388939039072284E-018   4.8609555525988677E-018
   3.3931191190106347E-015   3.3964795285106283E-015
   3.6554093085783279E-014   3.6542795956749486E-014
   2.6686985954427200E-014   2.6681285495760562E-014
   1.3877787807814457E-017   1.7680944906447378E-017
   5.1723209049114871E-013   5.1724140092453067E-013
   1.3877787807814457E-017   1.5828378849127299E-017
   6.9388939039072284E-018   3.3840942416894483E-018
   1.7749690606194690E-014   1.7753233418586972E-014
   1.3045120539345589E-015   1.3026218088821980E-015
   8.4293683144665010E-014   8.4287994591826796E-014
   4.1633363423443370E-017   4.4299224339685931E-017
   9.7179903013611124E-013   9.7181115922723844E-013
   6.9388939039072284E-018   6.9194235152600616E-018
   6.9388939039072284E-018   7.0948268485549080E-018
   4.0245168309027690E-012   4.0246154134136550E-012
   1.3877787807814457E-017   2.1487984634597729E-017
   1.3877787807814457E-016   1.3659816298887081E-016
   2.3453461395206432E-013   2.3454191804468138E-013
   6.9388939039072284E-018   1.0940414042695711E-017
   2.0816681711721685E-017   2.1122641412042924E-017
   1.6167622796103842E-015   1.6157140643401368E-015
   4.9442394622900565E-013   4.9444630651242897E-013
   1.6653345369377348E-016   1.6898704515685713E-016
   1.3877787807814457E-017   9.4993173941616815E-018
   1.0973305597516969E-012   1.0973564230815148E-012
   2.8757968228987352E-012   2.8758591814261753E-012
   1.0973305597516969E-012   1.0973564229657658E-012
   2.7755575615628914E-017   2.5526441463566826E-017
   3.1889352269942606E-012   3.1890216785526840E-012
   1.0973305597516969E-012   1.0973564227716455E-012
   5.5511151231257827E-017   6.2946886511313551E-017
   6.9388939039072284E-018   1.5158995765197722E-018
   2.2967044932542535E-012   2.2967535998818613E-012
   1.0973305597516969E-012   1.0973564226137835E-012
   6.2450045135165055E-017   6.2946886533077828E-017
   6.9388939039072284E-018   1.0528334577172579E-017
   1.5739354264354688E-012   1.5739415177268373E-012
   1.3877787807814457E-017   1.0265069353675951E-017
   1.0973305597516969E-012   1.0973564225663458E-012
   6.9388939039072284E-017   6.2946886540761173E-017
   6.9388939039072284E-017   7.0209191115414274E-017
   1.0082351620255281E-012   1.0082254205620260E-012
   5.5511151231257827E-017   5.5127237278968638E-017
   1.3877787807814457E-017   2.1672197175165190E-017
   1.0973444375395047E-012   1.0973564225815632E-012
   6.2450045135165055E-017   6.2946886538092482E-017
   2.0122792321330962E-016   2.0224845697590188E-016
   5.8619775700208265E-013   5.8618099661270660E-013
   2.0816681711721685E-016   2.0284656440846894E-016
   2.7755575615628914E-017   4.0862176497049446E-017
   1.1463052729254741E-014   1.1462962933704503E-014
   4.1980308118638732E-015   4.2003171475914744E-015
   1.5681900222830336E-015   1.5704050824720379E-015
   6.2450045135165055E-017   6.2946886546708901E-017
   6.9388939039072284E-018   2.3268790264697710E-018
   2.7755575615628914E-016   2.8107483292916288E-016
   2.9300173398638663E-013   2.9298304419616945E-013
   6.1062266354383610E-016   6.1447851437545926E-016
   2.7755575615628914E-017   2.4723011251099781E-017
   2.0122792321330962E-015   1.9966629526526933E-015
   6.3442306963423789E-014   6.3446100749815476E-014
   9.0205620750793969E-017   8.7254448932454222E-017
   6.2450045135165055E-017   6.2946886524463443E-017
   6.9388939039072284E-018   6.0049075273117278E-018
   2.0816681711721685E-017   1.8089564009635026E-017
   4.4408920985006262E-016   4.4042387309657429E-016
   1.1184109194317671E-013   1.1183912683557715E-013
   1.6653345369377348E-015   1.6489775160200747E-015
   3.6082248300317588E-016   3.6294976162703943E-016
   5.5511151231257827E-017   5.6463608521651171E-017
   2.6367796834847468E-015   2.6391299932578026E-015
   2.2828960943854781E-015   2.2877624150070125E-015
   6.9388939039072284E-018   1.7886523683050418E-018
   6.2450045135165055E-017   6.2946886552989011E-017
   1.3877787807814457E-016   1.3712946412143643E-016
   8.7430063189231078E-016   8.7671273054456035E-016
   2.2884472095086039E-014   2.2877720950711257E-014
   1.3877787807814457E-017   1.2435563688394069E-017
   4.1217029789208937E-015   4.1195633032810323E-015
   1.3877787807814457E-017   2.3305109381401695E-018
   4.1633363423443370E-017   4.8795302422688452E-017
   5.4997673082368692E-014   5.4998048020610150E-014
   7.4940054162198066E-016   7.4910103944884546E-016
   6.2450045135165055E-017   6.2946886555224001E-017
   6.9388939039072284E-016   7.0226992964425152E-016
   4.2257863874795021E-015   4.2307720978123770E-015
   1.1102230246251565E-016   9.9157201128627172E-017
   2.9143354396410359E-016   2.8542081084899450E-016
   1.0033640585049852E-014   1.0009464088890893E-014
   1.3877787807814457E-017   4.5471169442237265E-018
   2.0821538937454420E-013   2.0822375698847174E-013
   9.0205620750793969E-017   8.9644624022704759E-017
   6.9388939039072284E-018   5.9050973927782630E-018
   6.9388939039072284E-018   5.0211030354764464E-019
   3.1016855750465311E-015   3.0926618827101885E-015
   4.0953351820860462E-014   4.0950018428882749E-014
   2.5091040356528538E-014   2.5088374594709804E-014
   1.3877787807814457E-017   1.6436457099224223E-017
   4.9409087932161810E-013   4.9408380004595257E-013
   6.9388939039072284E-018   4.8279265902850895E-018
   1.3877787807814457E-017   1.3687440726871256E-017
   1.5633327965502986E-014   1.5627509228631359E-014
   1.9567680809018384E-015   1.9570865113559839E-015
   7.6841311091868647E-014   7.6814879565760302E-014
   4.1633363423443370E-017   4.6255854582060598E-017
   9.3788171673381271E-013   9.3789840116366334E-013
   1.3877787807814457E-017   1.2821589224276883E-017
   6.9388939039072284E-018   7.5646970857145177E-018
   4.0245029531149612E-012   4.0246154126055181E-012
   2.7755575615628914E-017   2.2550073523016565E-017
   9.7144514654701197E-017   9.1519499066790649E-017
   2.7807617319908218E-013   2.7807513613594018E-013
   6.9388939039072284E-018   5.5469684303913526E-018
   2.0816681711721685E-017   2.4151033359859592E-017
   2.1094237467877974E-015   2.1184168654711827E-015
   4.1264214267755506E-013   4.1264872021317217E-013
   2.4980018054066022E-016   2.5743917186608853E-016
   1.3877787807814457E-017   1.0036131688424907E-017
   1.0973444375395047E-012   1.0973564221387389E-012
   6.9388939039072284E-018   2.1045748975317492E-018
   6.9388939039072284E-018   1.2921885785881944E-026
   6.9388939039072284E-018   6.6062485340051356E-018
   2.7817192993495610E-012   2.7817767313287431E-012
   1.3877787807814457E-017   3.9445123606479385E-018
   1.0973166819638891E-012   1.0973564219950189E-012
   2.0816681711721685E-017   2.2767061784428935E-017
   3.2513991499172334E-012   3.2514494097699460E-012
   1.0973374986456008E-012   1.0973564217950970E-012
   6.2450045135165055E-017   6.2946886651597930E-017
   2.3479829192041279E-012   2.3480639351209985E-012
   1.0973374986456008E-012   1.0973564216339024E-012
   6.9388939039072284E-017   6.2946886674225481E-017
   6.9388939039072284E-018   9.1400124411248870E-018
   1.6148610226807136E-012   1.6148862337336306E-012
   1.3877787807814457E-017   9.5932516175975083E-018
   1.3877787807814457E-017   9.7448222388020373E-018
   1.0973374986456008E-012   1.0973564215812331E-012
   5.5511151231257827E-017   6.2946886682678532E-017
   5.5511151231257827E-017   6.3189451400970423E-017
   1.0395850846833810E-012   1.0396153616343976E-012
   5.5511151231257827E-017   5.0306806388394916E-017
   2.7755575615628914E-017   2.0748397210735032E-017
   1.0973305597516969E-012   1.0973564215930246E-012
   6.2450045135165055E-017   6.2946886680585549E-017
   2.0122792321330962E-016   1.9862980838420532E-016
   6.0887406228005148E-013   6.0890272033321230E-013
   1.8041124150158794E-016   1.8805961885057714E-016
   2.7755575615628914E-017   3.9362964348102471E-017
   1.3031242751537775E-014   1.3047688826748607E-014
   3.0045410603918299E-015   3.0153086910723301E-015
   1.9081958235744878E-015   1.9018901276307176E-015
   6.2450045135165055E-017   6.2946886688006129E-017
   2.7061686225238191E-016   2.7449445690177195E-016
   3.0804525597005750E-013   3.0802520397212530E-013
   5.6898930012039273E-016   5.7527148393595375E-016
   2.7755575615628914E-017   2.6172973800197813E-017
   2.2065682614424986E-015   2.2169458734904088E-015
   5.7009952314501788E-014   5.7005251556624588E-014
   1.0408340855860843E-016   1.0593467840810327E-016
   6.2450045135165055E-017   6.2946886653527274E-017
   1.3877787807814457E-017   5.6875935950138693E-018
   1.3877787807814457E-017   1.5565786061690597E-017
   4.2327252813834093E-016   4.2588611091519142E-016
   1.2032042029375134E-013   1.2033920798239324E-013
   1.5404344466674047E-015   1.5531349725668900E-015
   1.3877787807814457E-017   9.5760930600981106E-018
   4.0245584642661925E-016   4.0659692198639367E-016
   8.3266726846886741E-017   7.2389934519177128E-017
   1.7486012637846216E-015   1.7583732561616888E-015
   2.5743296383495817E-015   2.5779265644782359E-015
   6.9388939039072284E-017   6.2946886685718704E-017
   6.9388939039072284E-018   5.9678124378548768E-018
   1.2490009027033011E-016   1.2243775885119836E-016
   8.3266726846886741E-016   8.2916905130461826E-016
   2.6229018956769323E-014   2.6222339694565571E-014
   3.8996583739958623E-015   3.8927452317588191E-015
   1.3877787807814457E-017   2.5708519792099578E-018
   5.5511151231257827E-017   5.6283197486471211E-017
   4.9085735476239734E-014   4.9082796093437948E-014
   7.9103390504542404E-016   7.8618190659034106E-016
   6.2450045135165055E-017   6.2946886688557013E-017
   6.3837823915946501E-016   6.3749751092356518E-016
   3.4625080580497070E-015   3.4654080892633203E-015
   2.7755575615628914E-016   2.7074601953567636E-016
   2.0816681711721685E-016   2.0151756105582020E-016
   9.4507734971216451E-015   9.4615672591993095E-015
   1.3877787807814457E-017   4.1503329440427089E-018
   1.9487883529123451E-013   1.9488959536921593E-013
   1.0408340855860843E-016   1.0435441653399525E-016
   6.9388939039072284E-018   7.1296464973162249E-018
   2.8171909249863347E-015   2.8169455073926524E-015
   4.5657921887709563E-014   4.5661675386040001E-014
   2.3606117061092391E-014   2.3605124559512866E-014
   2.7755575615628914E-017   1.5266562517325884E-017
   4.7156029081563133E-013   4.7155971306333887E-013
   6.9388939039072284E-018   6.0579044264947074E-018
   2.0816681711721685E-017   1.1775320309933910E-017
   1.3836154444391013E-014   1.3842999136404813E-014
   2.7894353493707058E-015   2.7771882455288701E-015
   7.0346506397811481E-014   7.0368684847383117E-014
   2.7755575615628914E-017   4.4890368186127225E-017
   9.0465829272190490E-013   9.0470584162905106E-013
   2.0816681711721685E-017   2.1993179789388660E-017
   6.9388939039072284E-018   8.0603518094322575E-018
   4.0245168309027690E-012   4.0246154124252145E-012
   2.7755575615628914E-017   2.3656112719261401E-017
   5.5511151231257827E-017   6.0090925393499744E-017
   3.2610719680192801E-013   3.2612777807819394E-013
   6.9388939039072284E-018   2.5976906941906119E-018
   2.7755575615628914E-017   2.7536210673888556E-017
   2.7686186676589841E-015   2.7655310615086405E-015
   3.3956171208160413E-013   3.3955856991151032E-013
   3.8857805861880479E-016   3.8501472869774058E-016
   2.5895952049381776E-014   2.5889958004776479E-014
   2.7755575615628914E-017   2.8475438980733955E-017
   1.2150003225741557E-014   1.2152113659316014E-014
   6.9388939039072284E-018   7.0882316137536532E-019
   1.3877787807814457E-017   1.1440974848211763E-017
   2.6704471967065047E-012   2.6705086700157478E-012
   1.0973236208577930E-012   1.0973564212424604E-012
   2.7755575615628914E-017   2.0242024260355756E-017
   3.3145153288671736E-012   3.3146047139234287E-012
   1.0973305597516969E-012   1.0973564210366065E-012
   6.2450045135165055E-017   6.2946886803678307E-017
   6.9388939039072284E-018   2.5835414064610683E-021
   6.9388939039072284E-018   4.1291385790415491E-019
   2.4000107456956243E-012   2.4000559804648542E-012
   1.0973583153273125E-012   1.0973564208783071E-012
   5.5511151231257827E-017   6.2946886827029934E-017
   6.9388939039072284E-018   1.4177495067924463E-018
   6.9388939039072284E-018   7.9081229235538099E-018
   1.6564388749529257E-012   1.6564634816675127E-012
   1.3877787807814457E-017   8.4934903868312806E-018
   1.0973305597516969E-012   1.0973564208202063E-012
   6.2450045135165055E-017   6.2946886836265708E-017
   5.5511151231257827E-017   5.6780306613266270E-017
   1.0715595077925855E-012   1.0715844973030074E-012
   5.5511151231257827E-017   4.5847928021742636E-017
   2.7755575615628914E-017   1.9854911624689346E-017
   1.0973305597516969E-012   1.0973564208284866E-012
   6.9388939039072284E-017   6.2946886834753276E-017
   6.9388939039072284E-018   1.3066899216396929E-019
   2.0122792321330962E-016   1.9512981429931679E-016
   6.3211935685814069E-013   6.3214486501664658E-013
   1.6653345369377348E-016   1.7421385658525752E-016
   4.1633363423443370E-017   3.7905815732305881E-017
   1.4932499681208355E-014   1.4939664566321768E-014
   2.0539125955565396E-015   2.0574826871157360E-015
   2.3175905639050143E-015   2.3178496740087955E-015
   6.2450045135165055E-017   6.2946886840630044E-017
   6.9388939039072284E-018   2.0312802487501552E-018
   6.9388939039072284E-018   6.9281475912042313E-027
   2.7061686225238191E-016   2.6818778416061283E-016
   3.2351898937577062E-013   3.2352146892809002E-013
   5.2735593669694936E-016   5.3830097433354370E-016
   2.7755575615628914E-017   2.7686760814366110E-017
   2.4702462297909733E-015   2.4617747845711055E-015
   5.0966175724198592E-014   5.0973536662072294E-014
   1.3183898417423734E-016   1.2820415780916855E-016
   6.2450045135165055E-017   6.2946886790686372E-017
   1.3877787807814457E-017   5.3833678543186766E-018
   1.3877787807814457E-017   1.3346588647195325E-017
   4.0939474033052647E-016   4.1217472638136406E-016
   1.2922996006636822E-013   1.2921556936971390E-013
   1.4710455076283324E-015   1.4624310213610827E-015
   1.3877787807814457E-017   1.0282470097946182E-017
   4.5796699765787707E-016   4.5499561152888471E-016
   1.1102230246251565E-016   9.4834209766328132E-017
   1.0824674490095276E-015   1.0825710348292536E-015
   2.9420910152566648E-015   2.9457444867147947E-015
   5.5511151231257827E-017   6.2946886826936491E-017
   6.9388939039072284E-018   6.4354216905569413E-018
   6.9388939039072284E-018   4.3131341458063342E-022
   1.1102230246251565E-016   1.0914838602403250E-016
   7.9103390504542404E-016   7.8594638112629166E-016
   2.9851121574608896E-014   2.9844379658759765E-014
   1.3877787807814457E-017   9.5592240898346662E-018
   3.6776137690708310E-015   3.6779515095308410E-015
   6.9388939039072284E-017   6.4745045859479730E-017
   1.3877787807814457E-017   4.7687211218456748E-018
   4.3569314822633487E-014   4.3566673277133630E-014
   8.2572837456496018E-016   8.2662528048043379E-016
   6.2450045135165055E-017   6.2946886830450447E-017
   6.9388939039072284E-018   2.0920542907975147E-020
   5.7592819402429996E-016   5.7832160656171908E-016
   2.9420910152566648E-015   2.9395913626661493E-015
   5.5511151231257827E-016   5.5323361743662307E-016
   1.6653345369377348E-016   1.4998032109252876E-016
   8.9372953482325102E-015   8.9444290322576381E-015
   1.3877787807814457E-017   3.7827353453941467E-018
   1.3877787807814457E-017   4.6191411273939098E-018
   1.8209045382633349E-013   1.8208135915089284E-013
   1.2490009027033011E-016   1.2117321666022297E-016
   6.9388939039072284E-018   8.5591112869232637E-018
   6.9388939039072284E-018   3.3014145066349231E-022
   2.5604518505417673E-015   2.5664361418953305E-015
   5.0695558861946211E-014   5.0684472569216597E-014
   2.2232216068118760E-014   2.2222019720746352E-014
   2.7755575615628914E-017   1.4167528351719058E-017
   4.4963338607928449E-013   4.4966325306093630E-013
   6.9388939039072284E-018   7.5419080180950677E-018
   1.3877787807814457E-017   1.0074717434910638E-017
   6.9388939039072284E-018   2.5137855602203174E-018
   1.2323475573339238E-014   1.2323142828740453E-014
   3.7747582837255322E-015   3.7749575646549709E-015
   6.4739880123454441E-014   6.4731645047156331E-014
   4.1633363423443370E-017   4.2137555323413116E-017
   8.7219814703942689E-013   8.7222830649243454E-013
   3.4694469519536142E-017   3.5503743060100563E-017
   6.9388939039072284E-018   8.5829386937281295E-018
   4.0245168309027690E-012   4.0246154130940837E-012
   1.3877787807814457E-017   2.4807601403968926E-017
   4.1633363423443370E-017   3.8516310507739777E-017
   3.7884972936552685E-013   3.7884631132410388E-013
   2.7755575615628914E-017   3.1312149757115032E-017
   3.5943470422239443E-015   3.5985806443926087E-015
   2.7484958753376532E-013   2.7484267917905852E-013
   5.6898930012039273E-016   5.6713687405291140E-016
   1.3877787807814457E-017   1.1186095232363010E-017
   1.4072076837123859E-014   1.4071876466688950E-014
   6.8695049648681561E-016   6.9832057161944523E-016
   5.9327542878406803E-015   5.9389280984106283E-015
   6.9388939039072284E-018   8.5788504212672187E-020
   2.0816681711721685E-017   1.8924549875763878E-017
   2.4394514186454330E-012   2.4394956533458884E-012
   1.3877787807814457E-017   4.4769885119760205E-018
   1.0973236208577930E-012   1.0973564212474294E-012
   2.0816681711721685E-017   1.7937326489445865E-017
   3.3783809083587357E-012   3.3784903966642915E-012
   1.0973374986456008E-012   1.0973564210355205E-012
   6.9388939039072284E-017   6.2946886933293183E-017
   6.9388939039072284E-018   1.5390884700129455E-018
   6.9388939039072284E-018   2.4369255270926211E-021
   2.4526769504262802E-012   2.4527327293114153E-012
   1.0973583153273125E-012   1.0973564208790640E-012
   6.2450045135165055E-017   6.2946886957384305E-017
   6.9388939039072284E-018   6.8179994820293600E-018
   1.6986134721008739E-012   1.6986764863175818E-012
   1.3877787807814457E-017   7.5005058441591180E-018
   1.0973097430699852E-012   1.0973564208152929E-012
   6.2450045135165055E-017   6.2946886967423768E-017
   4.8572257327350599E-017   5.0935884346507524E-017
   1.1041167979897182E-012   1.1041363473903369E-012
   2.7755575615628914E-017   4.1727723110415200E-017
   2.7755575615628914E-017   1.8991059394316053E-017
   1.0973305597516969E-012   1.0973564208199943E-012
   6.2450045135165055E-017   6.2946886966502255E-017
   1.8735013540549517E-016   1.9174306302370511E-016
   6.5591976294854248E-013   6.5591134494920595E-013
   1.6653345369377348E-016   1.6125701665895614E-016
   5.5511151231257827E-017   3.6489933362235707E-017
   1.7236212457305555E-014   1.7237996338158179E-014
   1.3114509478384662E-015   1.3100874995072256E-015
   2.8449465006019636E-015   2.8492302969331809E-015
   6.2450045135165055E-017   6.2946886970485399E-017
   2.6367796834847468E-016   2.6213905615815916E-016
   3.3947844535475724E-013   3.3947631950246130E-013
   4.9960036108132044E-016   5.0345103769892433E-016
   2.7755575615628914E-017   2.9266241408967722E-017
   2.7339241981394480E-015   2.7341905086225604E-015
   4.5331793874225923E-014   4.5341904445187206E-014
   1.5265566588595902E-016   1.5471526958205996E-016
   6.2450045135165055E-017   6.2946886919508048E-017
   6.9388939039072284E-018   5.0918502967384238E-018
   1.3877787807814457E-017   1.1400724251048059E-017
   3.9551695252271202E-016   3.9922501325576843E-016
   1.3848644453418046E-013   1.3847360570518227E-013
   1.3739009929736312E-015   1.3766023689597302E-015
   1.3877787807814457E-017   1.1028116168649954E-017
   5.2735593669694936E-016   5.0863622458630182E-016
   1.2490009027033011E-016   1.2789220533761801E-016
   5.9674487573602164E-016   5.9271596961471100E-016
   3.4278135885301708E-015   3.4295037939769668E-015
   6.9388939039072284E-018   4.4893044093701062E-018
   6.2450045135165055E-017   6.2946886960217610E-017
   6.9388939039072284E-018   6.9307519920202240E-018
   9.7144514654701197E-017   9.7141022018950771E-017
   7.4246164771807344E-016   7.4650466157485918E-016
   3.3750779948604759E-014   3.3751115287503294E-014
   3.4833247397614286E-015   3.4745330919829087E-015
   1.3877787807814457E-017   6.0395428612977574E-019
   8.3266726846886741E-017   7.4289111485552912E-017
   3.8448411121549952E-014   3.8440272248612657E-014
   8.7430063189231078E-016   8.7088352282408814E-016
   6.9388939039072284E-018   7.8829074700251485E-022
   6.2450045135165055E-017   6.2946886964513882E-017
   5.2041704279304213E-016   5.2427084600939682E-016
   2.5535129566378600E-015   2.5505666081287996E-015
   9.5756735873919752E-016   9.6378869546327678E-016
   1.1102230246251565E-016   1.1547889825771247E-016
   8.4515727749590042E-015   8.4561376897165944E-015
   1.6977391714689816E-013   1.6979194395634212E-013
   1.3877787807814457E-016   1.4037324833805125E-016
   6.9388939039072284E-018   1.0220578976952728E-017
   2.3453461395206432E-015   2.3385933454818203E-015
   5.6010751592339147E-014   5.6024974124704285E-014
   2.0941581801992015E-014   2.0930618552257975E-014
   1.3877787807814457E-017   1.3135776300418574E-017
   4.2838649294552056E-013   4.2838847765060246E-013
   6.9388939039072284E-018   9.3220092997480838E-018
   6.9388939039072284E-018   8.5690208656741503E-018
   6.9388939039072284E-018   2.4224645394613090E-019
   1.1012024625500771E-014   1.1014105142481680E-014
   4.9543702473897611E-015   4.9616585471702760E-015
   5.9757754300449051E-014   5.9749390118690807E-014
   2.7755575615628914E-017   3.9530069058705959E-017
   8.4043882964124350E-013   8.4046058425543663E-013
   5.5511151231257827E-017   5.4576523423502268E-017
   6.9388939039072284E-018   9.1336463727340887E-018
   6.9388939039072284E-018   5.8200371639501952E-022
   4.0245168309027690E-012   4.0246154143181212E-012
   2.7755575615628914E-017   2.6006080891473805E-017
   2.7755575615628914E-017   2.3986759199399452E-017
   4.3634540425330215E-013   4.3637274214252832E-013
   2.7755575615628914E-017   3.5515436804533050E-017
   4.6698755973295647E-015   4.6725622571439487E-015
   2.1814494655103545E-013   2.1815404606342305E-013
   8.4654505627668186E-016   8.2524429308096341E-016
   1.3877787807814457E-017   1.1801177263806265E-017
   8.9928064994637680E-015   8.9916597075593408E-015
   2.7131075164277263E-015   2.7170050066180035E-015
   3.4694469519536142E-015   3.4744709273717987E-015
   6.9388939039072284E-018   3.2955070379033035E-018
   2.7755575615628914E-017   3.0138755303903219E-017
   2.2208346273089319E-012   2.2209076905482591E-012
   1.3877787807814457E-017   4.7647901613099723E-018
   1.0973374986456008E-012   1.0973564206555826E-012
   1.3877787807814457E-017   1.5839405644260937E-017
   3.4430236439675355E-012   3.4431092498604713E-012
   1.3877787807814457E-017   1.6300720606500896E-018
   1.0973305597516969E-012   1.0973564204374836E-012
   6.2450045135165055E-017   6.2946887080740186E-017
   6.9388939039072284E-018   1.5469784484012080E-018
   2.5060370445473268E-012   2.5060971594695475E-012
   1.3877787807814457E-017   3.1899118650252445E-018
   1.0973374986456008E-012   1.0973564202817891E-012
   6.2450045135165055E-017   6.2946887105620033E-017
   1.7414819586392127E-012   1.7415284540995534E-012
   1.3877787807814457E-017   6.6057908032347877E-018
   1.3877787807814457E-017   8.3045625553671690E-018
