   5.6205040621648550E-014   5.6213308524457826E-014
   3.7865544033621745E-013   3.7867993308977602E-013
   1.7784385075714226E-013   1.7784013618084113E-013
   9.3043212023857791E-012   9.3047578575597761E-012
   2.3731017151362721E-015   2.3840911735009117E-015
   5.6218918409456364E-014   5.6213308586604421E-014
   3.7868319591183308E-013   3.7867993264355217E-013
   1.7782997296933445E-013   1.7784013633594623E-013
   8.3266726846886741E-017   7.8420468638106492E-017
   5.9020149878463712E-012   5.9022961628615448E-012
   6.6058269965196814E-015   6.6133100091300759E-015
   5.6205040621648550E-014   5.6213308620963769E-014
   3.7866931812402527E-013   3.7867993241490589E-013
   1.7784385075714226E-013   1.7784013642163354E-013
   5.9674487573602164E-016   5.9545606064004401E-016
   3.3816976996448034E-012   3.3818490660322551E-012
   1.6750489884032049E-014   1.6747759166329997E-014
   5.6191162833840735E-014   5.6213308634887397E-014
   2.8449465006019636E-015   2.8297776421166243E-015
   5.2735593669694936E-015   5.2659578828504263E-015
   1.2490009027033011E-016   1.1868481293013408E-016
   1.7782997296933445E-013   1.7784013646550490E-013
   2.9698465908722937E-015   2.9592363154325981E-015
   1.6499718258344842E-012   1.6500390919501398E-012
   4.0398240308547884E-014   4.0394540961242142E-014
   5.6218918409456364E-014   5.6213308638558119E-014
   2.7755575615628914E-017   3.2475951358487210E-017
   1.6439627437137005E-013   1.6439915127766520E-013
   1.5681900222830336E-013   1.5681184003699219E-013
   1.2087553180606392E-014   1.2088860354501886E-014
   6.0067228968563313E-013   6.0068859097332870E-013
   9.6991858988815238E-014   9.7019611022769896E-014
   5.6205040621648550E-014   5.6213308633705677E-014
   3.5703384693164253E-013   3.5704420060273018E-013
   4.1633363423443370E-017   4.0239600299465207E-017
   6.3310467979249552E-014   6.3321312032821390E-014
   4.8280823783386495E-014   4.8283858296802987E-014
   1.0719203302755886E-013   1.0721067505182166E-013
   2.5102142586774789E-013   2.5102079731104967E-013
   2.6034729927459921E-014   2.6022942882641986E-014
   3.7865544033621745E-013   3.7867993252855619E-013
   5.9674487573602164E-016   6.0942100573652902E-016
   2.5604518505417673E-014   2.5602690112987107E-014
   2.7746874242673414E-011   2.7748516899313344E-011
   1.0602629885170245E-014   1.0586822116137511E-014
   1.1102230246251565E-016   1.0364856685170854E-016
   3.7866931812402527E-013   3.7867993068792797E-013
   2.9143354396410359E-015   2.9097281614783865E-015
   9.8532293435482643E-015   9.8560597142710692E-015
   2.7746832609309990E-011   2.7748516892895534E-011
   3.9412917374193057E-015   3.9448915153510658E-015
   6.8001160258290838E-016   6.6887741949886458E-016
   3.7866931812402527E-013   3.7867992892259241E-013
   8.5764728652293343E-015   8.5913425668470405E-015
   3.4416913763379853E-015   3.4488331569290780E-015
   2.7746888120461222E-011   2.7748516886335336E-011
   1.2906342661267445E-015   1.2804404737882758E-015
   2.3731017151362721E-015   2.3652481291092177E-015
   3.7865544033621745E-013   3.7867992714957555E-013
   1.9526047445594941E-014   1.9534435831726770E-014
   1.0269562977782698E-015   1.0325981219385523E-015
   2.7746846487097798E-011   2.7748516879699302E-011
   3.1918911957973251E-016   3.3418443470117119E-016
   6.0923488476305465E-015   6.0938680562919515E-015
   3.7868319591183308E-013   3.7867992537327496E-013
   3.7747582837255322E-014   3.7732007533025872E-014
   2.3592239273284576E-016   2.3958191994460425E-016
   1.5761003613334879E-013   1.5761489113074755E-013
   1.1925183063254963E-013   1.1926010366243296E-013
   7.7174377999256194E-014   7.7172965821282738E-014
   5.5511151231257827E-017   6.0243908150862625E-017
   1.2934098236883074E-014   1.2928093734672378E-014
   3.7866931812402527E-013   3.7867992538239142E-013
   6.5225602696727947E-014   6.5226627595755718E-014
   2.7755575615628914E-017   3.5287595826045396E-017
   9.9087404947795221E-015   9.9182294881901704E-015
   2.9504593213047769E-012   2.9505947399330736E-012
   2.6367796834847468E-015   2.6260973842614652E-015
   2.4077961846558082E-014   2.4065319408341247E-014
   3.7868319591183308E-013   3.7867992521873840E-013
   1.0406953077080061E-013   1.0407506885506422E-013
   1.3877787807814457E-017   1.9268529117722664E-018
   3.4694469519536142E-016   3.5151395486623275E-016
   1.1496151253176379E-011   1.1496730148625577E-011
   1.3877787807814457E-017   1.6284883966945440E-017
   4.0786818367166688E-014   4.0791715832663533E-014
   3.7868319591183308E-013   3.7867992449519108E-013
   1.5633327965502986E-013   1.5632797895948692E-013
   2.3446078412092675E-011   2.3447383812234760E-011
   1.3877787807814457E-017   9.5505465401891056E-018
   2.1316282072803006E-014   2.1326752630217620E-014
   1.3877787807814457E-016   1.4057732370890621E-016
   1.7194579093882112E-014   1.7186916711381502E-014
   4.0245584642661925E-016   4.1002241472762439E-016
   4.3354209111612363E-014   4.3339560687057527E-014
   1.6653345369377348E-016   1.6023946286953515E-016
   2.1005419625907962E-011   2.1006614989545456E-011
   3.9551695252271202E-014   3.9549007384078624E-014
   2.6433022437544196E-013   2.6433788596652357E-013
   2.9143354396410359E-016   2.8312590712083078E-016
   3.5457747848965937E-014   3.5459489847842569E-014
   1.5260015473472777E-011   1.5260830420434517E-011
   4.1633363423443370E-017   3.2794397690951137E-017
   2.2357116158389090E-014   2.2353575735820776E-014
   5.1764148523147924E-015   5.1926361799403138E-015
   4.5796699765787707E-016   4.5870444900715340E-016
   1.1796119636642288E-015   1.1730899746099683E-015
   1.1243783681891273E-013   1.1244400893246048E-013
   8.3266726846886741E-017   8.4206278929453588E-017
   1.0578052322962606E-011   1.0578569283270539E-011
   2.3592239273284576E-016   2.3364811419262626E-016
   7.9103390504542404E-015   7.9103349409167155E-015
   1.9428902930940239E-016   2.0205856446204036E-016
   3.7868319591183308E-013   3.7867992000771733E-013
   8.3266726846886741E-017   8.9115906811428612E-017
   5.1750270735340109E-014   5.1754119886846357E-014
   5.1347814888913490E-016   5.0432311384334641E-016
   6.8842431755200550E-012   6.8845240701928542E-012
   1.0547118733938987E-015   1.0538043270411655E-015
   2.4980018054066022E-015   2.4924527697801125E-015
   1.2073675392798577E-015   1.2060016315393770E-015
   3.7868319591183308E-013   3.7867991963500309E-013
   7.4940054162198066E-016   7.4134364034528675E-016
   2.3259172365897030E-014   2.3269966319047221E-014
   2.1094237467877974E-015   2.1046703709007623E-015
   4.0969311276839449E-012   4.0971298267148680E-012
   3.7053693446864600E-015   3.7044904349455421E-015
   6.3837823915946501E-016   6.4446981746092706E-016
   4.0523140398818214E-015   4.0484103538404113E-015
   3.7868319591183308E-013   3.7867991942315484E-013
   2.8865798640254070E-015   2.8819039231349082E-015
   9.9364960703951510E-015   9.9304092558967736E-015
   7.2303274478713320E-015   7.2124522496636852E-015
   2.1265766925182561E-012   2.1266697407408110E-012
   1.1282641487753153E-014   1.1296148204304632E-014
   1.2490009027033011E-016   1.1835223705678753E-016
   1.0033640585049852E-014   1.0034524059108984E-014
   3.7865544033621745E-013   3.7867991932696354E-013
   7.7299278089526524E-015   7.7423533976342482E-015
   3.8857805861880479E-015   3.8966994852618558E-015
   2.2412627309620348E-014   2.2403310554707067E-014
   8.7212181920648391E-013   8.7215970326220689E-013
   3.2168712138513911E-014   3.2174445319976850E-014
   1.3877787807814457E-017   1.1077367357325825E-017
   2.0650148258027912E-014   2.0648863543802106E-014
   3.7865544033621745E-013   3.7867991930388084E-013
   1.6750489884032049E-014   1.6746422870357742E-014
   1.3461454173580023E-015   1.3470473082493125E-015
   6.9347305675648840E-014   6.9350706408519333E-014
   2.1545265571631944E-013   2.1547049009045527E-013
   9.2842400434278716E-014   9.2842704125205962E-014
   3.7483904868906848E-014   3.7491225082337755E-014
   3.7866931812402527E-013   3.7867991931412002E-013
   3.1447067172507559E-014   3.1435441924772151E-014
   3.7470027081099033E-016   3.8345624002486229E-016
   2.7074176234265224E-013   2.7076347569541286E-013
   6.7723604502134549E-015   6.7763403821556247E-015
   3.1838420788687927E-013   3.1838373572272010E-013
   5.6218918409456364E-014   5.6213310242577977E-014
   3.7866931812402527E-013   3.7867992002464212E-013
   5.3429483060085659E-014   5.3420939984964629E-014
   8.3266726846886741E-017   7.9445252034691178E-017
   2.3837209983668117E-011   2.3838572240513731E-011
   5.6205040621648550E-014   5.6213310454333614E-014
   3.7869707369964090E-013   3.7867991853081401E-013
   8.4349194295896268E-014   8.4354112899807634E-014
   2.0806925626892792E-011   2.0808094525309457E-011
   1.3877787807814457E-017   1.5198396065054813E-017
   5.6205040621648550E-014   5.6213310619793560E-014
   3.7866931812402527E-013   3.7867991723527317E-013
   1.2591316878030057E-013   1.2590579476985938E-013
   1.7950668729227459E-011   1.7951677163163675E-011
   1.1102230246251565E-016   1.1202160100541555E-016
   5.6205040621648550E-014   5.6213310761265937E-014
   3.7866931812402527E-013   3.7867991612750436E-013
   1.7785772854495008E-013   1.7784014176591749E-013
   1.5185741553125354E-011   1.5186546623675836E-011
   5.1347814888913490E-016   5.0222913419747497E-016
   5.6205040621648550E-014   5.6213310871703005E-014
   3.7869707369964090E-013   3.7867991530317768E-013
   1.7785772854495008E-013   1.7784014204162746E-013
   1.3877787807814457E-017   1.0164280570287396E-018
   1.0511466697060712E-011   1.0511996603784057E-011
   1.7069679003611782E-015   1.7106561873628293E-015
   5.6218918409456364E-014   5.6213310943740262E-014
   3.7868319591183308E-013   3.7867991477951989E-013
   1.7782997296933445E-013   1.7784014222142600E-013
   2.7755575615628914E-017   3.6837167406088115E-017
   6.8274275122348627E-012   6.8277491089624173E-012
   4.9127368839663177E-015   4.9248342980083274E-015
   5.6218918409456364E-014   5.6213310985639625E-014
   3.7866931812402527E-013   3.7867991449181846E-013
   1.7785772854495008E-013   1.7784014232595785E-013
   3.4694469519536142E-016   3.4367635539102451E-016
   4.0515091281889681E-012   4.0516837950078650E-012
   1.2739809207573671E-014   1.2757024942750501E-014
   5.6218918409456364E-014   5.6213311004971128E-014
   1.7860712908657206E-014   1.7836282059226866E-014
   2.4980018054066022E-015   2.4999039488364159E-015
   1.7785772854495008E-013   1.7784014238300057E-013
   1.8873791418627661E-015   1.8809521388405984E-015
   2.0933671462941561E-012   2.0934363185651458E-012
   3.1100122477312198E-014   3.1090574585043646E-014
   5.6218918409456364E-014   5.6213311011997828E-014
   1.5265566588595902E-016   1.4233020054744432E-016
   9.8171470952479467E-014   9.8167280064515920E-014
   1.7784385075714226E-013   1.7784014239808111E-013
   8.0213613529167560E-015   8.0075243089507878E-015
   8.5122187076791533E-013   8.5122464354618948E-013
   7.4343309286462045E-014   7.4348764266686914E-014
   5.6205040621648550E-014   5.6213311008787050E-014
   2.9239111132284279E-013   2.9239982525256448E-013
   1.3877787807814457E-017   1.0112166978182263E-017
   8.2905904363883565E-014   8.2903334346694155E-014
   3.1502578323738817E-014   3.1496268493967011E-014
   2.0583534876550402E-013   2.0583249568458834E-013
   1.8555990077828710E-013   1.8555519037053490E-013
   3.3723024372989130E-014   3.3710970484296620E-014
   3.7866931812402527E-013   3.7867991450436678E-013
   3.1918911957973251E-016   3.2256333519473184E-016
   3.3695268797373501E-014   3.3711980653154236E-014
   1.5490386751082497E-013   1.5491603657629560E-013
   5.5511151231257827E-015   5.5432171726839453E-015
   5.9463545198923384E-013   5.9464139499686469E-013
   1.3988810110276972E-014   1.3973409168198416E-014
   5.5511151231257827E-017   4.7639500323144501E-017
   3.7868319591183308E-013   3.7867991450074473E-013
   1.9567680809018384E-015   1.9444257542764851E-015
   1.3197776205231548E-014   1.3232241586696537E-014
   2.7746860364885606E-011   2.7748516849907414E-011
   5.3707038816241948E-015   5.3699921997468300E-015
   4.1633363423443370E-016   4.1572787109377600E-016
   3.7869707369964090E-013   3.7867991273895812E-013
   6.4115379672102790E-015   6.4202348150391935E-015
   4.7739590058881731E-015   4.7905530495576036E-015
   2.7746888120461222E-011   2.7748516843380357E-011
   1.8179902028236938E-015   1.8287715575344910E-015
   1.6792123247455493E-015   1.6869725465224359E-015
   3.7868319591183308E-013   3.7867991096769467E-013
   1.5584755708175635E-014   1.5576880567011975E-014
   1.5265566588595902E-015   1.5151372779685545E-015
   2.7746860364885606E-011   2.7748516836758092E-011
   5.1347814888913490E-016   5.1544372574207354E-016
   4.6906922790412864E-015   4.6990788805083570E-015
   3.7868319591183308E-013   3.7867990919204441E-013
   3.1377678233468487E-014   3.1381900729757591E-014
   3.8857805861880479E-016   3.8503657507325768E-016
   4.8637482930047327E-013   4.8637278793281748E-013
   2.6090241078691179E-015   2.5952684805959713E-015
   2.7779167854902198E-013   2.7780789546724331E-013
   1.1102230246251565E-016   1.0634007223373417E-016
   1.0491607582707729E-014   1.0479394977830743E-014
   3.7866931812402527E-013   3.7867990917624568E-013
   5.5871973714261003E-014   5.5867631685902235E-014
   8.3266726846886741E-017   6.7144618295371374E-017
   2.2648549702353193E-014   2.2658625952254263E-014
   1.5997897451214271E-012   1.5998534265447459E-012
   7.5495165674510645E-015   7.5491165796278909E-015
   1.3877787807814457E-017   1.2237499180230494E-017
   2.0178303472562220E-014   2.0192284121359368E-014
   3.7864156254840964E-013   3.7867990910045324E-013
   9.1107676958301909E-014   9.1089235579177321E-014
   1.3877787807814457E-017   5.4810468413414572E-018
   1.1102230246251565E-015   1.1158789510237585E-015
   8.2086004660197887E-012   8.2090117370229334E-012
   1.1102230246251565E-016   1.1664624344501774E-016
   1.3877787807814457E-017   3.2993394459500999E-019
   3.5083047578154947E-014   3.5100317067547549E-014
   3.7868319591183308E-013   3.7867990859224653E-013
   1.3909706719772430E-013   1.3910074449428593E-013
   1.3877787807814457E-017   6.6480525213333775E-018
   2.1724913534804102E-011   2.1726170032241437E-011
   5.4303783691977969E-014   5.4297439365143449E-014
   9.8532293435482643E-016   9.8849193023752963E-016
   1.7902346272080649E-015   1.7833552005517494E-015
   2.0677903833643541E-015   2.0820135065208945E-015
   8.9317442331093844E-014   8.9314511788300033E-014
   2.2949767086721806E-011   2.2951078444474129E-011
   6.8278716014447127E-015   6.8346185985153528E-015
   2.7755575615628914E-016   2.7039121911242969E-016
   1.5144829834667917E-013   1.5144140370453631E-013
   1.3877787807814457E-017   5.7403108931356958E-018
   2.8865798640254070E-015   2.8912645739789824E-015
   9.8948627069717077E-015   9.9052832660619347E-015
   1.6870990715567302E-011   1.6871867301193758E-011
   1.3877787807814457E-017   1.5608007401954839E-017
   3.0128677330765186E-014   3.0130118485118083E-014
   2.0816681711721685E-016   2.0800578098106842E-016
   4.8558379539542784E-014   4.8570110231819620E-014
   1.3877787807814457E-017   7.2938619843044069E-018
   1.4201140263736534E-013   1.4200954287593188E-013
   2.7755575615628914E-017   4.3799076284253793E-017
   1.1877193673015540E-011   1.1877779778190577E-011
   1.3877787807814457E-016   1.3789028498487961E-016
   1.0907941216942163E-014   1.0908237273438168E-014
   9.7144514654701197E-017   9.6039131593026871E-017
   3.7866931812402527E-013   3.7867990424367035E-013
   2.7755575615628914E-017   3.4841826052750798E-017
   6.5419891726037349E-014   6.5410809167585997E-014
   3.0531133177191805E-016   3.0928336836872760E-016
   7.8947681725338725E-012   7.8951223197922899E-012
   6.9388939039072284E-016   6.9255404029041238E-016
   3.5804692544161298E-015   3.5842578404514753E-015
   7.6327832942979512E-016   7.6449411351702716E-016
   3.7868319591183308E-013   3.7867990381371601E-013
   4.4408920985006262E-016   4.3831796878869946E-016
   2.9712343696530752E-014   2.9709867109355060E-014
   1.4016565685892601E-015   1.4066307112839411E-015
   4.8442083677713299E-012   4.8443724711860601E-012
   2.5812685322534890E-015   2.5875178641224079E-015
   9.8532293435482643E-016   9.9448008038371390E-016
   2.9282132274488504E-015   2.9278127472666534E-015
   3.7868319591183308E-013   3.7867990355835333E-013
   2.0122792321330962E-015   2.0137046051236495E-015
   1.2934098236883074E-014   1.2918473402398122E-014
   5.0376369742366478E-015   5.0534817372292995E-015
   2.6384033846582611E-012   2.6385172161227166E-012
   8.1740170188027150E-015   8.1648089069575785E-015
   1.9428902930940239E-016   2.0692018895252737E-016
   7.8270723236073536E-015   7.8202150300581651E-015
   3.7865544033621745E-013   3.7867990343202164E-013
   5.9258153939367730E-015   5.9144709915378945E-015
   5.2319260035460502E-015   5.2184534740609822E-015
   1.6014967130217883E-014   1.6021702502024807E-014
   1.1803752419936586E-012   1.1804003062253807E-012
   2.3578361485476762E-014   2.3563759826522016E-014
   2.7755575615628914E-017   2.5140622665840360E-017
   1.6875389974302379E-014   1.6880367416848759E-014
   3.7866931812402527E-013   3.7867990360467949E-013
   1.3503087537003466E-014   1.3516043028750644E-014
   1.8873791418627661E-015   1.8844980426210236E-015
   4.9030224325008476E-014   4.9031687107471588E-014
   3.5793590313915047E-013   3.5795854434492667E-013
   6.6946448384896939E-014   6.6968003873465118E-014
   3.1655233989624776E-014   3.1678662088121549E-014
   3.7866931812402527E-013   3.7867990360903561E-013
   2.6340041259231839E-014   2.6330399855411484E-014
   5.6898930012039273E-016   5.7409662414042493E-016
   1.6868451080398472E-013   1.6867560606621132E-013
   3.3667513221757872E-014   3.3638290901794574E-014
   2.1570245589686010E-013   2.1569699364201384E-013
   5.3859694482127907E-014   5.3869650961790665E-014
   3.7866931812402527E-013   3.7867990361662014E-013
   4.5963233219481481E-014   4.5951806687145457E-014
   1.2490009027033011E-016   1.3333872597448446E-016
   2.4781496299475236E-011   2.4782942538945295E-011
   5.6232796197264179E-014   5.6213312630189017E-014
   3.7868319591183308E-013   3.7867990206123246E-013
   7.4010242379074498E-014   7.4022034861246109E-014
   1.3877787807814457E-017   1.9120733033916385E-017
   2.1698962071603489E-011   2.1700189938204655E-011
   1.3877787807814457E-017   7.0554456631108022E-018
   5.6218918409456364E-014   5.6213312803118769E-014
   3.7868319591183308E-013   3.7867990070722993E-013
   1.1221579221398770E-013   1.1220767067178968E-013
   1.8790455302841735E-011   1.8791473133768987E-011
   6.9388939039072284E-017   6.5803648779251986E-017
   5.6218918409456364E-014   5.6213312951656134E-014
   3.7865544033621745E-013   3.7867989954415608E-013
   1.6218970610992756E-013   1.6218505827499586E-013
   1.6056003748765590E-011   1.6056897291226447E-011
   3.3306690738754696E-016   3.3163138621555614E-016
   5.6205040621648550E-014   5.6213313077157801E-014
   3.7865544033621745E-013   3.7867989856145527E-013
   1.7784385075714226E-013   1.7784014754846983E-013
   1.1808054534157009E-011   1.1808647881190350E-011
   1.2212453270876722E-015   1.2092880770387524E-015
   5.6205040621648550E-014   5.6213313159831844E-014
   3.7865544033621745E-013   3.7867989795449170E-013
   1.7785772854495008E-013   1.7784014775484137E-013
   1.3877787807814457E-017   1.5534813020062190E-017
   7.8348577625675375E-012   7.8352164016140024E-012
   3.6359804056473877E-015   3.6330750134847832E-015
   5.6205040621648550E-014   5.6213313209958389E-014
   3.7866931812402527E-013   3.7867989760237590E-013
   1.7784385075714226E-013   1.7784014787992035E-013
   1.8041124150158794E-016   1.8952328191566440E-016
   4.7951642656585136E-012   4.7953985599349193E-012
   9.6589403142388619E-015   9.6641100862314237E-015
   5.6205040621648550E-014   5.6213313235318683E-014
   3.7865544033621745E-013   3.7867989744417438E-013
   1.7782997296933445E-013   1.7784014794313325E-013
   1.1796119636642288E-015   1.1695155592173219E-015
   2.6014884690894746E-012   2.6015658336041072E-012
   2.3897550605056495E-014   2.3886284191681348E-014
   5.6218918409456364E-014   5.6213313210063099E-014
   5.2735593669694936E-016   5.2349808649318173E-016
   4.0800696154974503E-014   4.0799841065882858E-014
   1.7785772854495008E-013   1.7784014784062614E-013
   5.2735593669694936E-015   5.2645422992372927E-015
   1.1557699242104036E-012   1.1558183397365294E-012
   5.7162607980387747E-014   5.7165725207595264E-014
   5.6218918409456364E-014   5.6213313213612941E-014
   2.3356316880551731E-013   2.3357744559827797E-013
   1.0869083411080283E-013   1.0871386092465668E-013
   2.0816681711721685E-014   2.0821404012356527E-014
   3.4511282720472991E-013   3.4511733218991338E-013
   1.3952727861976655E-013   1.3950320369110021E-013
   4.3520742565306136E-014   4.3516540316013828E-014
   3.7866931812402527E-013   3.7867989791143307E-013
   1.5265566588595902E-016   1.5031054355213490E-016
   4.4242387531312488E-014   4.4245774661391558E-014
   8.9331320118901658E-014   8.9338391559948863E-014
   3.0364599723498031E-014   3.0381951136562982E-014
   3.9308833965634449E-013   3.9309293882200292E-013
   1.8304802118507268E-014   1.8318828476451310E-014
   2.7755575615628914E-017   1.8389816936862556E-017
   3.7866931812402527E-013   3.7867989810113208E-013
   1.2212453270876722E-015   1.2348537276854139E-015
   1.7624790515924360E-014   1.7636890639584184E-014
   2.7746860364885606E-011   2.7748516804262182E-011
   7.2303274478713320E-015   7.2316805311933950E-015
   2.3592239273284576E-016   2.4233698486713256E-016
   3.7868319591183308E-013   3.7867989597916183E-013
   4.6490589156178430E-015   4.6706439021430706E-015
   6.5780714209040525E-015   6.5748029963724039E-015
   2.7746860364885606E-011   2.7748516797777199E-011
   2.5812685322534890E-015   2.5685549394620657E-015
   1.1518563880485999E-015   1.1645183330808875E-015
   3.7866931812402527E-013   3.7867989421009952E-013
   1.2212453270876722E-014   1.2218896114296929E-014
   2.1926904736346842E-015   2.1806722143158627E-015
   2.7746846487097798E-011   2.7748516791178178E-011
   7.7715611723760958E-016   7.7359656048969528E-016
   3.5527136788005009E-015   3.5531833421144692E-015
   3.7868319591183308E-013   3.7867989243534242E-013
   2.5812685322534890E-014   2.5815048521113738E-014
   5.9674487573602164E-016   5.9885512634033396E-016
   2.7746846487097798E-011   2.7748516784522874E-011
   1.8041124150158794E-016   1.7857442442116885E-016
   8.3821838359199319E-015   8.3849308604245494E-015
   3.7866931812402527E-013   3.7867989065859936E-013
   4.7475912090533257E-014   4.7477517379673209E-014
   1.1102230246251565E-016   1.1986161046815150E-016
   5.0834336740024355E-014   5.0836457007569822E-014
   7.1007089097463449E-013   7.1008101366094124E-013
   2.0317081350640365E-014   2.0332906471627252E-014
   2.7755575615628914E-017   2.5653724581677421E-017
   1.6778245459647678E-014   1.6787615077116944E-014
   3.7868319591183308E-013   3.7867989089163947E-013
   7.9242168382620548E-014   7.9257743599619590E-014
   1.3877787807814457E-017   1.3172098486564233E-017
   3.0669911055269949E-015   3.0383829862856071E-015
   5.5611210081352169E-012   5.5614077935649660E-012
   5.1347814888913490E-016   5.2284149210183504E-016
   3.0003777240494856E-014   2.9997685127236289E-014
   3.7868319591183308E-013   3.7867989055698166E-013
   1.2322087794558456E-013   1.2321191418287463E-013
   4.1633363423443370E-017   5.0688679566050705E-017
   1.6931303581380064E-011   1.6932188708867244E-011
   4.9335535656780394E-014   4.9329163705069389E-014
   3.7865544033621745E-013   3.7867988946427329E-013
   1.6153745008296028E-013   1.6154479922664896E-013
   2.4998253467245490E-011   2.4999721081265711E-011
   8.4654505627668186E-016   8.3442085035026233E-016
   3.3723024372989130E-015   3.3578647391417892E-015
   7.3885342288804168E-014   7.3875659959995193E-014
   4.1633363423443370E-017   4.5192972709988310E-017
   1.1990408665951691E-014   1.1965629088416118E-014
   2.2482016248659420E-015   2.2457727460876224E-015
   1.3877787807814457E-017   6.3725039181632715E-019
   1.8579859872858151E-011   1.8580862981020515E-011
   4.0467629247586956E-014   4.0470143459834370E-014
   1.3877787807814457E-017   4.5736962028648619E-018
   2.1661838989217586E-013   2.1661741496760340E-013
   1.6869838859179254E-013   1.6871469281204146E-013
   2.7755575615628914E-017   2.1023180412174013E-017
   1.3267595355692663E-011   1.3268306170482575E-011
   8.3266726846886741E-017   7.7542873779717080E-017
   1.4918621893400541E-014   1.4912535176389047E-014
   4.1633363423443370E-017   3.8684431509956580E-017
   3.7865544033621745E-013   3.7867988592279063E-013
   1.3877787807814457E-017   1.0368053380212513E-017
   8.2545081880880389E-014   8.2561400379521579E-014
   1.8041124150158794E-016   1.8260131133056768E-016
   8.9894203192386612E-012   8.9898710297452219E-012
   4.4408920985006262E-016   4.4350850819925203E-016
   5.0792703376600912E-015   5.0776983837443101E-015
   4.4408920985006262E-016   4.5578572736544807E-016
   3.7868319591183308E-013   3.7867988543155142E-013
   2.3592239273284576E-016   2.3868981164283466E-016
   3.7775338412870951E-014   3.7783191142689404E-014
   9.1593399531575415E-016   9.2081225914449145E-016
   5.6676746629236163E-012   5.6679304505755003E-012
   1.7624790515924360E-015   1.7805028825624682E-015
   1.4849232954361469E-015   1.4963622724855152E-015
   2.0539125955565396E-015   2.0521369515918499E-015
   3.7869707369964090E-013   3.7867988512855512E-013
   1.3600232051658168E-015   1.3538829529051255E-015
   1.6694978732800791E-014   1.6695256885242883E-014
   3.4972025275692431E-015   3.5015497942434953E-015
   3.2178149034223225E-012   3.2179423999395763E-012
   5.8564264548977008E-015   5.8544329155267850E-015
   3.4694469519536142E-016   3.4546441122465364E-016
   5.9674487573602164E-015   5.9811474172798895E-015
   3.7868319591183308E-013   3.7867988496815463E-013
   4.4270143106928117E-015   4.4196625157124850E-015
   6.9250161160994139E-015   6.9190731795068334E-015
   1.1435297153639112E-014   1.1418597342056553E-014
   1.5460965840929930E-012   1.5461678208938484E-012
   1.7222334669497741E-014   1.7228824189715197E-014
   5.5511151231257827E-017   5.1448503357729844E-017
   1.3627987627273797E-014   1.3629151184587170E-014
   3.7868319591183308E-013   3.7867988490605030E-013
   1.0769163338864018E-014   1.0755547506662262E-014
   2.5951463200613034E-015   2.5969195047469986E-015
   3.4944269700076802E-014   3.4952679120193475E-014
   5.4575788333011133E-013   5.4573950368851383E-013
   4.8738790781044372E-014   4.8742860882517140E-014
   2.6548208076349056E-014   2.6532905466063796E-014
   3.7866931812402527E-013   3.7867988490095923E-013
   2.1843638009499955E-014   2.1839349301723991E-014
   8.3266726846886741E-016   8.3926554190856696E-016
   1.1275702593849246E-013   1.1275604387621557E-013
   8.8595797365087492E-014   8.8608158441934890E-014
   1.4707679518721761E-013   1.4707819889877437E-013
   4.6310177914676842E-014   4.6325581734593633E-014
   3.7866931812402527E-013   3.7867988491294320E-013
   3.9246383920499284E-014   3.9244979272388967E-014
   2.0816681711721685E-016   2.1467522057404392E-016
   2.5741464515505186E-011   2.5743014739075200E-011
   5.6218918409456364E-014   5.6213315094093540E-014
   3.7866931812402527E-013   3.7867988329504850E-013
   6.4614980033184111E-014   6.4602765947844017E-014
   4.1633363423443370E-017   3.6839398006228623E-017
   2.2606708172112633E-011   2.2607990512818401E-011
   1.3877787807814457E-017   2.8932841640803011E-018
   5.6205040621648550E-014   5.6213315274614961E-014
   3.7866931812402527E-013   3.7867988188163342E-013
   9.9573127521068727E-014   9.9573706834190456E-014
   1.9645868265527611E-011   1.9646983849893287E-011
   2.7755575615628914E-017   3.6679791484887685E-017
   5.6218918409456364E-014   5.6213315430337133E-014
   3.7869707369964090E-013   3.7867988066230457E-013
   1.4582779428451431E-013   1.4583246378435671E-013
   1.6859180718142852E-011   1.6860079689569622E-011
   2.2204460492503131E-016   2.1287433454298046E-016
   5.6205040621648550E-014   5.6213315562616131E-014
   3.7868319591183308E-013   3.7867987962653540E-013
   1.7784385075714226E-013   1.7784015375465854E-013
   1.3196152504058034E-011   1.3196817616811393E-011
   8.6042284408449632E-016   8.4034415532059988E-016
   5.6218918409456364E-014   5.6213315656693582E-014
   3.7865544033621745E-013   3.7867987893030702E-013
   1.7782997296933445E-013   1.7784015398950468E-013
   8.9265678182570696E-012   8.9269886593601934E-012
   2.6506574712925612E-015   2.6512593362403194E-015
   5.6218918409456364E-014   5.6213315715747431E-014
   3.7866931812402527E-013   3.7867987850828329E-013
   1.7785772854495008E-013   1.7784015413688220E-013
   9.7144514654701197E-017   9.8676656041492692E-017
   5.6152998917369246E-012   5.6155279142969849E-012
   7.2719608112947753E-015   7.2730439425249793E-015
   5.6232796197264179E-014   5.6213315747772054E-014
   3.7868319591183308E-013   3.7867987829791648E-013
   1.7784385075714226E-013   1.7784015421674095E-013
   7.0776717819853729E-016   7.0745894171529299E-016
   3.1771946185088495E-012   3.1773058244584127E-012
   1.8290924330699454E-014   1.8297098668681724E-014
   5.6205040621648550E-014   5.6213315618625167E-014
   1.8318679906315083E-015   1.8372364030245200E-015
   1.0422218643668657E-014   1.0418220490613505E-014
   4.1633363423443370E-017   5.0797495724538101E-017
   1.7784385075714226E-013   1.7784015399850113E-013
   3.4000580129145419E-015   3.4209746707686885E-015
   1.5178414081162828E-012   1.5178853410598405E-012
   4.4006465138579642E-014   4.4017402511853546E-014
   5.6205040621648550E-014   5.6213315660001749E-014
   1.3877787807814457E-017   1.8727901143708648E-017
   1.8055001937966608E-013   1.8056288485686031E-013
   1.4310774787418268E-013   1.4308795970257343E-013
   1.3836154444391013E-014   1.3829937715269422E-014
   5.2949311601935278E-013   5.2951096312645359E-013
   1.0602629885170245E-013   1.0601126508494923E-013
   5.6038507167954776E-014   5.6031292805555956E-014
   3.7865544033621745E-013   3.7867987978640987E-013
   6.9388939039072284E-017   5.8177047136511315E-017
   5.7953641885433171E-014   5.7955630251409179E-014
   5.5830340350837560E-014   5.5849542776193759E-014
   8.2850393212652307E-014   8.2838969094201661E-014
   2.7872149033214555E-013   2.7872972620914333E-013
   2.3855917241633051E-014   2.3877541041943749E-014
   3.7866931812402527E-013   3.7867987958770265E-013
   7.3552275381416621E-016   7.3523270661585162E-016
   2.3356316880551731E-014   2.3366725719426118E-014
   2.7746901998249029E-011   2.7748516761447181E-011
   9.6450625264310474E-015   9.6474528767817548E-015
   1.2490009027033011E-016   1.3006043352383169E-016
   3.7866931812402527E-013   3.7867987770115378E-013
   3.2890357104520263E-015   3.2910590822946864E-015
   8.9372953482325102E-015   8.9301784239321077E-015
   2.7746874242673414E-011   2.7748516755012569E-011
   3.5665914666083154E-015   3.5552220053379029E-015
   7.9103390504542404E-016   7.7299486304029909E-016
   3.7868319591183308E-013   3.7867987593481132E-013
   9.4230179215060161E-015   9.4061737075712050E-015
   3.0808688933348094E-015   3.0865818358172451E-015
   2.7746888120461222E-011   2.7748516748438493E-011
   1.1379786002407855E-015   1.1342119984237717E-015
   2.6229018956769323E-015   2.6267434372421876E-015
   3.7866931812402527E-013   3.7867987416129792E-013
   2.0983215165415459E-014   2.0975937327713446E-014
   8.8817841970012523E-016   9.0599573286119368E-016
   2.7746888120461222E-011   2.7748516741795567E-011
   2.9143354396410359E-016   2.8785232458323966E-016
   6.6197047843274959E-015   6.6119949990573904E-015
   3.7865544033621745E-013   3.7867987238486989E-013
   3.9995784462121264E-014   4.0000463335075635E-014
   2.0816681711721685E-016   2.0330139920059818E-016
   1.1729506255164779E-013   1.1729466793254933E-013
   2.1155299734232358E-013   2.1155347399427500E-013
   5.4747872901828032E-014   5.4759017237509489E-014
   5.5511151231257827E-017   4.9339737108440103E-017
   1.3822276656583199E-014   1.3816267773010452E-014
   3.7866931812402527E-013   3.7867987239184549E-013
   6.8528516194987787E-014   6.8524982039790580E-014
   4.1633363423443370E-017   2.8084865422972067E-017
   7.4801276284119922E-015   7.4863914781607166E-015
   3.5057234892832412E-012   3.5058547582941828E-012
   1.8041124150158794E-015   1.8111503274955116E-015
   1.3877787807814457E-017   3.8049683008697562E-018
   2.5451862839531714E-014   2.5447111886995392E-014
   3.7868319591183308E-013   3.7867987219189478E-013
   1.0859368959614812E-013   1.0860639045161229E-013
   2.3592239273284576E-016   2.2939022656657898E-016
   1.2724599152136307E-011   1.2725224744480173E-011
   1.3877787807814457E-017   7.1428082293596821E-018
   4.2799097599299785E-014   4.2797946878198041E-014
   3.7866931812402527E-013   3.7867987138793187E-013
   1.6231460620019789E-013   1.6229398682852020E-013
   2.4004243037722972E-011   2.4005644472926229E-011
   4.1633363423443370E-017   4.0813298924678957E-017
   1.4668821712859881E-014   1.4670012010814485E-014
   8.3266726846886741E-017   7.3093918995123567E-017
   2.6881274983736603E-014   2.6883447251852057E-014
   2.4980018054066022E-016   2.4400549869224667E-016
   3.2890357104520263E-014   3.2873455998945942E-014
   3.4694469519536142E-016   3.4363088281458842E-016
   2.0388607469001840E-011   2.0389726647040353E-011
   1.3877787807814457E-017   2.4235327145321397E-018
   5.4248272540746711E-014   5.4259274648644267E-014
   2.8532731732866523E-013   2.8534886724711309E-013
   9.7144514654701197E-017   8.4442234222108097E-017
   5.2527426852577719E-014   5.2535314377081685E-014
   1.4751436183679800E-011   1.4752193560102714E-011
   4.1633363423443370E-017   4.1061242867517008E-017
   2.0233814623793478E-014   2.0242747443055970E-014
   1.3877787807814457E-017   1.2103646670598541E-017
   3.7866931812402527E-013   3.7867986776337869E-013
   1.0416667528545531E-013   1.0416364581344309E-013
   1.1102230246251565E-016   1.0290678115517631E-016
   1.0170475572834903E-011   1.0170985112646413E-011
   2.7755575615628914E-016   2.7540078299225291E-016
   7.1054273576010019E-015   7.1017291993497440E-015
   2.6367796834847468E-016   2.5111259604542956E-016
   3.7866931812402527E-013   3.7867986694839652E-013
   1.1102230246251565E-016   1.1640288433821441E-016
   4.7933879088191134E-014   4.7898013384579297E-014
   5.8286708792820718E-016   5.8806989473691531E-016
   6.5699251594608654E-012   6.5702393574431534E-012
   1.1934897514720433E-015   1.2037849531050395E-015
   2.2065682614424986E-015   2.2037009437167072E-015
   1.3877787807814457E-015   1.3854156651366255E-015
   3.7866931812402527E-013   3.7867986659361818E-013
   8.6042284408449632E-016   8.6838708183868393E-016
   2.1468937738688965E-014   2.1452593978609853E-014
   2.4008572907519010E-015   2.3933742920197017E-015
   3.8675035396451563E-012   3.8676842948180531E-012
   4.1494585545365226E-015   4.1564827374564753E-015
   5.5511151231257827E-016   5.5531473833723867E-016
   4.4686476741162551E-015   4.4766979120532802E-015
   3.7864156254840964E-013   3.7867986639515920E-013
   3.2196467714129540E-015   3.2189143531101722E-015
   9.0899510141184692E-015   9.0931125739660726E-015
   8.0907502919558283E-015   8.0908686430478555E-015
   1.9725887590027469E-012   1.9726568050443226E-012
   1.2559397966072083E-014   1.2550507071194048E-014
   9.7144514654701197E-017   9.7333664826831216E-017
   1.0852430065710905E-014   1.0851599049318260E-014
   3.7865544033621745E-013   3.7867986630802458E-013
   8.4238171993433753E-015   8.4228918932147568E-015
   3.5388358909926865E-015   3.5314220282727833E-015
   2.5007773629681651E-014   2.5006327784359969E-014
   7.8277662129977443E-013   7.8280975346485706E-013
   3.5638159090467525E-014   3.5644756048181462E-014
   1.3877787807814457E-017   8.2220531830953990E-018
   2.2010171463193728E-014   2.2008437067128314E-014
   3.7868319591183308E-013   3.7867986628998362E-013
   1.7930101847696278E-014   1.7918441391492448E-014
   1.2073675392798577E-015   1.2018724683122056E-015
   7.7923778540878175E-014   7.7948825759571978E-014
   1.7777446181810319E-013   1.7778438759072247E-013
   1.0366707492437399E-013   1.0368093322389469E-013
   3.9551695252271202E-014   3.9555838862890461E-014
   3.7866931812402527E-013   3.7867986630132424E-013
   3.3265057375331253E-014   3.3255596423657919E-014
   3.3306690738754696E-016   3.3384472850284411E-016
   3.2687741402526171E-013   3.2687729943615592E-013
   2.8310687127941492E-015   2.8247523911571796E-015
   3.7145286846396175E-013   3.7146160659730588E-013
   5.6205040621648550E-014   5.6213317197723161E-014
   3.7864156254840964E-013   3.7867986779024798E-013
   5.6038507167954776E-014   5.6050953308072875E-014
   6.9388939039072284E-017   6.6304507320122878E-017
   2.3530122295056799E-011   2.3531494531107773E-011
   5.6205040621648550E-014   5.6213317429955191E-014
   3.7866931812402527E-013   3.7867986631646532E-013
   8.7957419125928027E-014   8.7958406886009133E-014
   1.3877787807814457E-017   6.9517200272690888E-018
   2.0517088028526587E-011   2.0518205739349187E-011
   2.7755575615628914E-017   1.9147933023524014E-017
   5.6205040621648550E-014   5.6213317592987200E-014
   3.7869707369964090E-013   3.7867986503996301E-013
   1.3065937221057311E-013   1.3064992137555528E-013
   1.7678025709955136E-011   1.7678986741304285E-011
   1.2490009027033011E-016   1.3214147361408237E-016
   5.6218918409456364E-014   5.6213317732165759E-014
   3.7865544033621745E-013   3.7867986395015377E-013
   1.7782997296933445E-013   1.7784015916949920E-013
   1.4677786763783729E-011   1.4678564272942899E-011
   5.6898930012039273E-016   5.7253209128248872E-016
   5.6205040621648550E-014   5.6213317838422458E-014
   3.7868319591183308E-013   3.7867986315854909E-013
   1.7785772854495008E-013   1.7784015943477162E-013
   1.0104792003140517E-011   1.0105295844751227E-011
   1.9012569296705806E-015   1.9108811424060977E-015
   5.6205040621648550E-014   5.6213317907126664E-014
   3.7866931812402527E-013   3.7867986266097234E-013
   1.7784385075714226E-013   1.7784015960625019E-013
   4.1633363423443370E-017   4.7716807122307232E-017
   6.5142335969881060E-012   6.5145249800649190E-012
   5.4262150328554526E-015   5.4313767630195285E-015
   5.6232796197264179E-014   5.6213317946472118E-014
   3.7868319591183308E-013   3.7867986239328277E-013
   1.7784385075714226E-013   1.7784015970439771E-013
   4.0245584642661925E-016   4.1362364292432038E-016
   3.8232611521138438E-012   3.8234168125456166E-012
   1.3933298959045715E-014   1.3959041217927071E-014
   5.6232796197264179E-014   5.6213317963960445E-014
   7.8548278992229825E-015   7.8602247247293660E-015
   4.0245584642661925E-016   4.0788204875367349E-016
   7.0776717819853729E-016   7.0366862854764417E-016
   1.7785772854495008E-013   1.7784015975714411E-013
   2.1788126858268697E-015   2.1879483110517144E-015
   1.9405588247423111E-012   1.9406491268992500E-012
   3.3889557826682903E-014   3.3890063893728713E-014
   5.6232796197264179E-014   5.6213317969901867E-014
   8.3266726846886741E-017   8.9865592869748904E-017
   1.2381762282132058E-013   1.2383846724213464E-013
   1.7784385075714226E-013   1.7784015976954445E-013
   9.1732177409653559E-015   9.1745161754012010E-015
   7.6304240703706228E-013   7.6305669067902532E-013
   8.1115669736675500E-014   8.1109639807694703E-014
   5.6205040621648550E-014   5.6213317965908855E-014
   3.1301350400525507E-013   3.1301153431841015E-013
   1.3877787807814457E-017   1.6780600671053399E-017
   7.5842110369706006E-014   7.5867852191325444E-014
   3.6179392814972289E-014   3.6173619193992904E-014
   1.6915635558945041E-013   1.6914992496062736E-013
   2.0446144777253039E-013   2.0447379098185702E-013
   3.0961344599234053E-014   3.0974098132656573E-014
   3.7866931812402527E-013   3.7867986243894018E-013
   4.0245584642661925E-016   4.0242297937775623E-016
   3.0808688933348094E-014   3.0808787863893531E-014
   1.9323431743600850E-013   1.9321829520149905E-013
   2.1094237467877974E-015   2.1094728388171696E-015
   7.0436712018562275E-013   7.0438409632047366E-013
   1.2781442570997115E-014   1.2764876506932746E-014
   6.9388939039072284E-017   6.2514488640791696E-017
   3.7866931812402527E-013   3.7867986240804591E-013
   2.2204460492503131E-015   2.2312959518465279E-015
   1.2018164241567320E-014   1.2021073739944369E-014
   2.7746888120461222E-011   2.7748516723784439E-011
   4.8572257327350599E-015   4.8582591218369915E-015
   4.8572257327350599E-016   4.8919042529803046E-016
   3.7865544033621745E-013   3.7867986064503483E-013
   7.0776717819853729E-015   7.0850332985454755E-015
   4.3021142204224816E-015   4.3059956141837042E-015
   2.7746860364885606E-011   2.7748516717247153E-011
   1.6375789613221059E-015   1.6297193913506349E-015
   1.9012569296705806E-015   1.8915344064247414E-015
   3.7868319591183308E-013   3.7867985887315631E-013
   1.6806001035263307E-014   1.6809297517532913E-014
   1.3322676295501878E-015   1.3387086229584888E-015
   2.7746846487097798E-011   2.7748516710618577E-011
   4.4408920985006262E-016   4.4844168991669623E-016
   5.1209037010835345E-015   5.1287510750991316E-015
   3.7866931812402527E-013   3.7867985709726597E-013
   3.3376079677793768E-014   3.3380672752814434E-014
   3.3306690738754696E-016   3.3070976263747582E-016
   3.1318003745894885E-013   3.1318481823033786E-013
   1.8457457784393227E-014   1.8446163553474047E-014
   1.6922574452848949E-013   1.6924681585429575E-013
   8.3266726846886741E-017   8.8750043443526643E-017
   1.1254885912137524E-014   1.1243819048873625E-014
   3.7865544033621745E-013   3.7867985709759717E-013
   5.8814064729517668E-014   5.8835236741820174E-014
   5.5511151231257827E-017   5.4768454068338589E-017
   1.7347234759768071E-014   1.7332757035039958E-014
   1.9899359937625150E-012   1.9900064733293103E-012
   5.3845816694320092E-015   5.3884057729611830E-015
   1.3877787807814457E-017   9.3730135783900431E-018
   2.1413426587457707E-014   2.1412329885686321E-014
   3.7866931812402527E-013   3.7867985699656451E-013
   9.5229379937222802E-014   9.5228897592489601E-014
   7.7715611723760958E-016   7.7889542982662862E-016
   9.2166690945916230E-012   9.2171333696792353E-012
   6.9388939039072284E-017   6.5332065747871364E-017
   3.6901037780978641E-014   3.6904880605187333E-014
   3.7866931812402527E-013   3.7867985642232380E-013
   1.4460654895742664E-013   1.4461470085820593E-013
   1.3877787807814457E-017   2.7902094115569736E-018
   2.2294582846527078E-011   2.2295831298311706E-011
   4.1064374123322978E-014   4.1065122008587347E-014
   4.9960036108132044E-016   5.1238226242090017E-016
   4.8017145815038020E-015   4.7923599663090307E-015
   1.1934897514720433E-015   1.1900955686228660E-015
   7.1623262876130411E-014   7.1615103359790971E-014
   1.3877787807814457E-017   2.2642651918349207E-017
   2.2299065371989002E-011   2.2300331740710528E-011
   1.2448375663609568E-014   1.2442465016465472E-014
   6.9388939039072284E-017   6.7275112753466245E-017
   1.8444967775366194E-013   1.8444899571633601E-013
   1.5543122344752192E-015   1.5552431672747134E-015
   1.5334955527634975E-014   1.5322539025525366E-014
   1.6330548024967584E-011   1.6331443256632946E-011
   2.7755575615628914E-017   2.0137766660621488E-017
   2.7325364193586665E-014   2.7325754726546396E-014
   5.6898930012039273E-016   5.7090554420752745E-016
   2.1510571102112408E-014   2.1523313999103383E-014
   4.1633363423443370E-017   4.4605209511000075E-017
   1.3150591726684979E-013   1.3149416073172315E-013
   5.5511151231257827E-017   5.4729283008094595E-017
   1.1440071112645001E-011   1.1440624128591300E-011
   1.6653345369377348E-016   1.6479430377474395E-016
   9.8115959801248209E-015   9.8246495463074511E-015
   1.3877787807814457E-016   1.2454496994011455E-016
   3.7868319591183308E-013   3.7867985214847282E-013
   4.1633363423443370E-017   4.8603292652493539E-017
   6.0590421568917918E-014   6.0574619301944005E-014
   3.6082248300317588E-016   3.6462349693204727E-016
   7.5532774479469822E-012   7.5536617075878179E-012
   7.9103390504542404E-016   7.9715914564422678E-016
   3.1918911957973251E-015   3.1863311456668096E-015
   8.8817841970012523E-016   8.9352818678940561E-016
   3.7869707369964090E-013   3.7867985173778179E-013
   5.2735593669694936E-016   5.2518657524337146E-016
   2.7436386496049181E-014   2.7429496550507692E-014
   1.6098233857064770E-015   1.6093085389415898E-015
   4.5902032175249019E-012   4.5903791125382514E-012
   2.9004576518332215E-015   2.9160170081441291E-015
   8.6042284408449632E-016   8.6486873464224933E-016
   3.2612801348363973E-015   3.2674336997977878E-015
   3.7865544033621745E-013   3.7867985149717043E-013
   2.2898349882893854E-015   2.2744588974452985E-015
   1.1851630787873546E-014   1.1857203363404064E-014
   5.6898930012039273E-015   5.6868441564397705E-015
   2.4628077355259848E-012   2.4629017592844199E-012
   9.0899510141184692E-015   9.0917252970081164E-015
   1.6653345369377348E-016   1.7315729219711321E-016
   8.4932061383824475E-015   8.5048583509958054E-015
   3.7868319591183308E-013   3.7867985138120853E-013
   6.4670491184415368E-015   6.4767876321901363E-015
   4.7462034302725442E-015   4.7461339361663685E-015
   1.7888468484272835E-014   1.7893487727460283E-014
   1.0728362642709044E-012   1.0728640516499473E-012
   2.6117996654306808E-014   2.6106808894873990E-014
   1.3877787807814457E-017   1.9452185464993751E-017
   1.8055001937966608E-014   1.8060220192683718E-014
   3.7866931812402527E-013   3.7867985272888184E-013
   1.4516166046973922E-014   1.4524270059431016E-014
   1.6792123247455493E-015   1.6905063989782957E-015
   5.4886650779906176E-014   5.4887130487507841E-014
   3.0631053249408069E-013   3.0631594106988795E-013
   7.4454331588924560E-014   7.4468242444600767E-014
   3.3514857555871913E-014   3.3514020665744882E-014
   3.7866931812402527E-013   3.7867985273556487E-013
   2.7949864644938316E-014   2.7939035880457772E-014
   4.9960036108132044E-016   5.0416860716500955E-016
   1.9492740754856186E-013   1.9493176447555347E-013
   2.2024049251001543E-014   2.2040862064005138E-014
   2.4671931164732541E-013   2.4671318523739136E-013
   5.6218918409456364E-014   5.6213319293517621E-014
   3.7868319591183308E-013   3.7867985274258500E-013
   4.8322457146809938E-014   4.8321348355010347E-014
   1.1102230246251565E-016   1.1302552055026675E-016
   2.4469287707162835E-011   2.4470700918384504E-011
   5.6218918409456364E-014   5.6213319489652776E-014
   3.7866931812402527E-013   3.7867985120752418E-013
   7.7327033665142153E-014   7.7316288218977997E-014
   1.3877787807814457E-017   1.5137367278079265E-017
   2.1403906425021546E-011   2.1405135817906767E-011
   1.3877787807814457E-017   9.1884721399081653E-018
   5.6205040621648550E-014   5.6213319660113880E-014
   3.7866931812402527E-013   3.7867984987283832E-013
   1.1658729537344925E-013   1.1659197872785795E-013
   1.8512594235353674E-011   1.8513613893516747E-011
   6.9388939039072284E-017   7.8795729153133608E-017
   5.6205040621648550E-014   5.6213319806315604E-014
   3.7866931812402527E-013   3.7867984872807316E-013
   1.6783796574770804E-013   1.6782511503766376E-013
   1.5795420527098258E-011   1.5796246754221700E-011
   3.7470027081099033E-016   3.8122374094014113E-016
   5.6218918409456364E-014   5.6213319929629773E-014
   3.7865544033621745E-013   3.7867984776249555E-013
   1.7787160633275789E-013   1.7784016465492308E-013
   1.1371736885479322E-011   1.1372312055011015E-011
   1.3461454173580023E-015   1.3577767511610622E-015
   5.6218918409456364E-014   5.6213320008723971E-014
   3.7866931812402527E-013   3.7867984718357403E-013
   1.7785772854495008E-013   1.7784016485235527E-013
   2.7755575615628914E-017   2.0927609811070119E-017
   7.4944356276418489E-012   7.4947689830958741E-012
   4.0106806764583780E-015   4.0197798690991485E-015
   5.6218918409456364E-014   5.6213320056069112E-014
   3.7868319591183308E-013   3.7867984685322892E-013
   1.7782997296933445E-013   1.7784016497049223E-013
   2.3592239273284576E-016   2.3180497672712110E-016
   4.5423803607391733E-012   4.5425551227683745E-012
   1.0602629885170245E-014   1.0595042902387661E-014
   5.6191162833840735E-014   5.6213320079376822E-014
   3.7868319591183308E-013   3.7867984671109093E-013
   1.7784385075714226E-013   1.7784016502857556E-013
   1.3739009929736312E-015   1.3710525212054998E-015
   2.4270724319208625E-012   2.4271703405347712E-012
   2.6062485503075550E-014   2.6056009741307768E-014
   5.6218918409456364E-014   5.6213319941186118E-014
   3.4694469519536142E-016   3.4510100858203780E-016
   5.6413207438765767E-014   5.6408795928239840E-014
   1.7785772854495008E-013   1.7784016476423991E-013
   6.0507154842071031E-015   6.0494997276219625E-015
   1.0494660696025448E-012   1.0494886245412232E-012
   6.2311267257086911E-014   6.2310163560619051E-014
   5.6205040621648550E-014   5.6213319977668676E-014
   2.5227042677045119E-013   2.5227685975730362E-013
   9.9406594067374954E-014   9.9415250408747525E-014
   2.3828161666017422E-014   2.3835991055094678E-014
   2.9455604622086184E-013   2.9455083836455739E-013
   1.5301648836896220E-013   1.5300313081716888E-013
   4.0023540037736893E-014   4.0025721672928835E-014
   3.7865544033621745E-013   3.7867984819562724E-013
   1.9428902930940239E-016   1.9651634274133595E-016
   4.0467629247586956E-014   4.0473187842733003E-014
   1.0569323194431490E-013   1.0569744534857585E-013
   1.9512169657787126E-014   1.9513001313184301E-014
   4.4549086641865188E-013   4.4552083188586781E-013
   1.6778245459647678E-014   1.6769860440933851E-014
   2.7755575615628914E-017   2.5753163770232140E-017
   3.7868319591183308E-013   3.7867984842447905E-013
   1.4571677198205180E-015   1.4428062516358681E-015
   1.6056600493641326E-014   1.6058505108950634E-014
   2.7746874242673414E-011   2.7748516711305744E-011
   6.5641936330962380E-015   6.5647048656889385E-015
   2.9143354396410359E-016   2.9173765784182685E-016
   3.7866931812402527E-013   3.7867984618472426E-013
   5.2041704279304213E-015   5.2025904313925248E-015
   5.9396931817445875E-015   5.9320486689550781E-015
   2.7746860364885606E-011   2.7748516704805930E-011
   2.2898349882893854E-015   2.3010383062352622E-015
   1.3183898417423734E-015   1.3206707406557523E-015
   3.7865544033621745E-013   3.7867984441490535E-013
   1.3253287356462806E-014   1.3260196805229305E-014
   1.9290125052862095E-015   1.9384106716675641E-015
   2.7746888120461222E-011   2.7748516698199665E-011
   6.9388939039072284E-016   6.7878549000443483E-016
   3.9135361618036768E-015   3.9043246858322098E-015
   3.7866931812402527E-013   3.7867984263981671E-013
   2.7547408798511697E-014   2.7562427323730501E-014
   5.1347814888913490E-016   5.1960686320446171E-016
   2.7746874242673414E-011   2.7748516691541020E-011
   1.3877787807814457E-016   1.5133089361933564E-016
   9.0344398628872113E-015   9.0365337150269272E-015
   3.7865544033621745E-013   3.7867984086304901E-013
   5.0126569561825818E-014   5.0132722238812599E-014
   9.7144514654701197E-017   9.9681722088589006E-017
   3.8968828164342995E-014   3.8962456748589005E-014
   9.5579100189979727E-013   9.5582035202074232E-013
   1.4724332864091139E-014   1.4732584695080789E-014
   1.3877787807814457E-017   2.0327592507355759E-017
   1.7860712908657206E-014   1.7857561016907554E-014
   3.7866931812402527E-013   3.7867984082824694E-013
   8.3030804454153895E-014   8.3024001007048682E-014
   1.3877787807814457E-017   1.0023291288681221E-017
   2.2204460492503131E-015   2.2147975929594244E-015
   6.3638816438782442E-012   6.3641862689909642E-012
   3.3306690738754696E-016   3.3081881620266739E-016
   3.1613600626201332E-014   3.1612738102195677E-014
   3.7865544033621745E-013   3.7867984044097424E-013
   1.2830014828324465E-013   1.2829189039363705E-013
   2.7755575615628914E-017   2.8037542597579833E-017
   1.8474152763126028E-011   1.8475158288306032E-011
   5.1639248432877594E-014   5.1622412110472132E-014
   7.6744166577213946E-015   7.6782479822667761E-015
   1.2712053631958042E-014   1.2717481831264900E-014
   1.3450351943333771E-013   1.3450174897224599E-013
   2.4313120960961498E-011   2.4314518061531421E-011
   1.7624790515924360E-015   1.7728884548892540E-015
   1.7347234759768071E-015   1.7406857171438183E-015
   9.5742858086111937E-014   9.5758857260737611E-014
   1.3877787807814457E-017   2.4304854032753812E-017
