   7.6347816957422765E-011   6.1004023486929198E-011
   3.5527136788005009E-015   9.1507773187692461E-016
   3.5527136788005009E-015   3.7997693984779117E-015
   5.7909232964448165E-013   5.7779934199060678E-013
   4.9338311214341957E-013   4.9410728125953030E-013
   1.2967404927621828E-013   1.2925425039755322E-013
   4.3698378249246161E-013   3.4887183524288857E-013
   3.5527136788005009E-014   3.6417456760088600E-014
   1.7763568394002505E-015   3.4852737709964618E-016
   3.5527136788005009E-015   3.9133844856171595E-015
   1.8829382497642655E-013   1.8960262531565911E-013
   8.4554585555451922E-013   8.4527018027667892E-013
   1.6253665080512292E-013   1.3042305278984719E-013
   3.5527136788005009E-015   2.0245845133078230E-015
   6.5725203057809267E-014   6.5896902983184778E-014
   2.8421709430404007E-014   2.6955472256141527E-014
   8.1934459217336553E-014   7.9630721460823675E-014
   2.4416024757556443E-012   2.4401974272475274E-012
   6.6613381477509392E-014   5.3242545026493336E-014
   2.8030910925735952E-012   2.8004427815420387E-012
   3.5527136788005009E-015   4.2145916038841786E-015
   3.4194869158454821E-014   3.3564775402636792E-014
   5.1244564147623350E-012   5.1254345011882923E-012
   2.9309887850104133E-014   2.1697603784520410E-014
   3.5527136788005009E-015   9.5677375959998429E-016
   1.5205614545266144E-012   1.5223068045720978E-012
   1.0658141036401503E-014   1.1097021701192415E-014
   1.3766765505351941E-014   1.3576782639378737E-014
   9.0767393601254298E-012   9.0768627599567675E-012
   1.0658141036401503E-014   8.4120642581980473E-015
   3.5527136788005009E-015   3.9200453892923724E-015
   6.8034466949029593E-013   6.7869278816834911E-013
   2.8421709430404007E-014   2.7907825236318990E-014
   4.4408920985006262E-015   5.0638407266595958E-015
   1.4449330620891487E-011   1.4448509814935158E-011
   4.4408920985006262E-015   2.9656810202140254E-015
   3.5527136788005009E-015   9.1507773028341079E-016
   1.7763568394002505E-014   1.4514009663648498E-014
   2.0428103653102880E-013   2.0423243038534447E-013
   6.3948846218409017E-014   7.0930782851662430E-014
   1.3322676295501878E-015   1.6571139294220855E-015
   2.4069635173873394E-013   2.4107416324105607E-013
   6.6613381477509392E-015   6.8330497339046999E-015
   1.9673151996357774E-013   1.9859631169788214E-013
   1.7763568394002505E-015   8.9611123957677263E-016
   5.5067062021407764E-014   5.8860016152455572E-014
   1.9539925233402755E-014   1.8580551168431487E-014
   1.8829382497642655E-013   2.0690222439341903E-013
   3.5527136788005009E-015   8.2706474867163507E-020
   4.4408920985006262E-016   4.4058962729864956E-016
   1.3322676295501878E-014   1.3359462992377896E-014
   2.0958790258873705E-012   2.0958537012844551E-012
   9.3258734068513149E-015   9.3722394272575987E-015
   1.5823786725377431E-011   1.7021678595574848E-011
   8.8817841970012523E-016   8.2512258045124305E-017
   1.3322676295501878E-015   1.2708779713442898E-015
   1.1102230246251565E-016   2.1389347601749989E-016
   9.6767038826328644E-013   9.6703075843617010E-013
   1.3322676295501878E-014   1.3057315061164550E-014
   8.8817841970012523E-016   7.0745002549659985E-016
   1.5830892152735032E-011   1.7021678588794148E-011
   8.8817841970012523E-016   7.7947273376073376E-018
   2.2204460492503131E-016   1.5985372366245497E-017
   7.1576078397583842E-012   7.1579703147212782E-012
   5.7731597280508140E-015   5.0425278161316280E-015
   8.8817841970012523E-016   1.8266681645311762E-018
   1.5813128584341030E-011   1.7021678583675167E-011
   8.8817841970012523E-016   1.1029586512955070E-019
   2.1447066345103849E-011   2.1444291689246466E-011
   3.5527136788005009E-015   2.9173604867059737E-015
   1.5802470443304628E-011   1.5795146797978415E-011
   4.5856207719907616E-011   4.5852511349900518E-011
   1.1517897746671224E-011   1.1527231208452103E-011
   6.4511951336498896E-011   6.4504021741462443E-011
   6.3060667798708891E-012   6.3064964924259876E-012
   7.6338046994806064E-011   6.1004023957373812E-011
   3.5527136788005009E-015   4.1362355196470404E-016
   2.0285995105950860E-012   2.0297002774050251E-012
   1.2256862191861728E-012   1.2258868915298102E-012
   3.5527136788005009E-015   3.2544870376708802E-015
   1.1040057756872557E-012   8.8355101403699365E-013
   7.1054273576010019E-015   5.6197449628889419E-015
   2.4336088699783431E-013   2.4071753846299182E-013
   3.5837999234900053E-013   3.5933971478700848E-013
   2.7222668563808838E-013   2.7307165292227119E-013
   3.1619151741324458E-013   2.5166261020008378E-013
   6.9455552420549793E-013   6.9088447927978315E-013
   3.5527136788005009E-015   5.4157218648692582E-015
   1.4477308241112041E-013   1.4412517743212005E-013
   1.2365664048274994E-012   1.2370558183467567E-012
   1.2168044349891716E-013   9.8306646101906955E-014
   1.2434497875801753E-014   1.0667183747958273E-014
   3.5527136788005009E-015   3.0917839025458301E-015
   7.4606987254810520E-014   7.7092714127798540E-014
   6.0396132539608516E-014   6.0962637675956783E-014
   3.1525893007255945E-012   3.1510584673727397E-012
   5.1514348342607263E-014   4.0363188193592005E-014
   3.5527136788005009E-015   9.1507772511059267E-016
   2.3518964553659316E-012   2.3520952846665164E-012
   7.1054273576010019E-015   5.7427999225265449E-015
   2.5202062658991053E-014   2.5475810568995853E-014
   6.2134186684659198E-012   6.2131078313570271E-012
   2.1316282072803006E-014   1.6270649584760769E-014
   3.5527136788005009E-015   9.1507772493393417E-016
   1.7763568394002505E-015   1.5134772902346307E-015
   1.2114753644709708E-012   1.2157422061161820E-012
   1.7763568394002505E-014   1.4829994034862215E-014
   1.0436096431476471E-014   1.0092775174740133E-014
   1.0591305610319068E-011   1.0591288346280904E-011
   7.9936057773011271E-015   6.1558194526276136E-015
   7.1054273576010019E-015   5.9192862188902430E-015
   4.9560355819266988E-013   4.9467072795040528E-013
   3.5527136788005009E-014   3.7150014937486303E-014
   3.1086244689504383E-015   3.6364075522784045E-015
   1.6437962102600068E-011   1.6434342226633436E-011
   2.6645352591003757E-015   2.0839879329350510E-015
   2.3092638912203256E-014   2.1909082237671752E-014
   1.2079226507921703E-013   1.1981036069012297E-013
   8.8817841970012523E-014   9.6465843712391053E-014
   1.3322676295501878E-015   1.1269004549533651E-015
   7.8159700933611020E-014   7.7447489622445338E-014
   1.8873791418627661E-013   1.8808313759714037E-013
   5.9507954119908391E-014   6.0606800231024986E-014
   1.7763568394002505E-015   5.9003494318125292E-016
   9.9475983006414026E-014   1.0217406006446671E-013
   1.7763568394002505E-015   3.2651271696775077E-015
   2.9842794901924208E-013   3.2132136410188046E-013
   6.3282712403633923E-015   6.4800284796127742E-015
   4.4408920985006262E-015   4.7631461409254001E-015
   8.8817841970012523E-015   9.1751535801565417E-015
   6.4281913125796564E-014   6.4127275013633831E-014
   3.9968028886505635E-015   4.2866748039929944E-015
   8.8817841970012523E-016   1.2422024420709641E-016
   3.5527136788005009E-015   9.1507772315906340E-016
   1.5823786725377431E-011   1.7021678627090714E-011
   6.6613381477509392E-016   5.7513038012805921E-016
   2.1740387268209815E-012   2.1724083445189973E-012
   9.1038288019262836E-015   9.0030604884526516E-015
   4.4408920985006262E-016   2.8679129337095341E-016
   3.5527136788005009E-015   9.1507772480358299E-016
   1.5813128584341030E-011   1.7021678620631018E-011
   4.4408920985006262E-016   2.5009778373671848E-017
   4.4408920985006262E-016   8.0731929780854794E-018
   1.0636824754328700E-011   1.0636295849394773E-011
   3.9968028886505635E-015   4.1398452445067896E-015
   8.8817841970012523E-016   4.8861340954117719E-019
   1.5820234011698631E-011   1.7021678616453520E-011
   2.7883695352670657E-011   2.7879211336978656E-011
   1.7763568394002505E-015   2.5612820634746729E-015
   3.5527136788005009E-015   9.1507772443403735E-016
   1.4409806681214832E-011   1.4404487326100673E-011
   5.2952309204101766E-011   5.2952016893223239E-011
   8.8817841970012523E-016   1.0672396896502270E-016
   3.5527136788005009E-015   5.0301198245090871E-017
   1.0313527809557854E-011   1.0313808164305792E-011
   7.0032868393354875E-011   7.0035855643078762E-011
   4.6611603465862572E-012   4.6653362398711761E-012
   7.6346928779003065E-011   6.1004023997145457E-011
   1.2434497875801753E-012   1.2405407955243571E-012
   3.5527136788005009E-015   1.6328811404813850E-016
   7.6472161936180783E-013   7.6607403347330456E-013
   3.2862601528904634E-014   3.2838645836558042E-014
   6.8389738316909643E-013   5.4654673406539419E-013
   3.5527136788005009E-015   9.1507771537077162E-016
   8.8817841970012523E-015   9.6871993628371527E-015
   5.8619775700208265E-014   6.1826781168688507E-014
   1.7763568394002505E-015   4.0348611431720887E-016
   3.5527136788005009E-015   2.5539140410431376E-016
   2.6689761511988763E-013   2.6698163486772199E-013
   4.8494541715626838E-013   4.8525867612560332E-013
   2.3270274596143281E-013   1.8547815169578024E-013
   3.0908609005564358E-013   3.0841167861619221E-013
   1.0658141036401503E-014   1.0647212756344299E-014
   1.0969003483296547E-013   1.1004928309002901E-013
   1.7206236435640676E-012   1.7214184607264006E-012
   9.5035090907913400E-014   7.4407985888657728E-014
   3.4070524179696804E-012   3.4067979627591600E-012
   4.6018744370712739E-014   4.6610129356860502E-014
   3.9738212720408228E-012   3.9735550884033720E-012
   3.8191672047105385E-014   3.0541051520557632E-014
   3.5527136788005009E-015   5.3173671848897977E-016
   1.9504398096614750E-012   1.9498246719563657E-012
   3.5527136788005009E-015   7.7657481655647084E-015
   1.8429702208777599E-014   1.9236475775856759E-014
   7.4291128804304662E-012   7.4286606778787424E-012
   1.4210854715202004E-014   1.2126503022011644E-014
   1.7763568394002505E-015   2.3487179700979998E-015
   9.5035090907913400E-013   9.4955464567715895E-013
   1.7763568394002505E-014   1.9758529921218530E-014
   7.1054273576010019E-015   7.4347450997951380E-015
   1.2249978809109052E-011   1.2247992380612745E-011
   6.2172489379008766E-015   4.4569989767641240E-015
   3.5527136788005009E-015   9.1507771430095494E-016
   8.8817841970012523E-015   8.8865644334276643E-015
   3.4283687000424834E-013   3.4437373406620577E-013
   4.6185277824406512E-014   4.9597862504327250E-014
   1.7763568394002505E-015   2.5740396966554214E-015
   1.8577361871052744E-011   1.8575521680197127E-011
   1.7763568394002505E-015   1.4397040695236114E-015
   3.1974423109204508E-014   3.3581327411802326E-014
   6.2172489379008766E-014   6.0765738461106718E-014
   1.2434497875801753E-013   1.3358194285280876E-013
   4.4408920985006262E-016   7.4896246600918038E-016
   3.2862601528904634E-014   3.3255989241220833E-014
   7.4384942649885488E-013   7.4518537439424341E-013
   2.4868995751603507E-014   2.4820652526929302E-014
   1.5820234011698631E-011   1.7021678672050869E-011
   3.3306690738754696E-015   3.1405721012009402E-015
   6.6613381477509392E-016   8.4137400326026674E-016
   2.0472512574087887E-013   2.0481542323331229E-013
   2.4202861936828413E-014   2.4782763981040928E-014
   1.7763568394002505E-015   1.9389740397217057E-015
   3.5527136788005009E-015   9.1507771473474876E-016
   1.5816681298019830E-011   1.7021678665074373E-011
   8.8817841970012523E-016   2.1375034657025178E-017
   4.4408920985006262E-016   2.4426964230808369E-016
   3.9994674239096639E-012   3.9998976893243543E-012
   6.6613381477509392E-015   6.7153994280246405E-015
   1.5820234011698631E-011   1.7021678659103757E-011
   4.4408920985006262E-016   4.1839004947223151E-018
   1.4970691353255461E-011   1.4970380456132157E-011
   3.1086244689504383E-015   3.4900030588208405E-015
   1.5820234011698631E-011   1.7021678656102953E-011
   8.8817841970012523E-016   5.3742632484338813E-019
   3.5356606531422585E-011   3.5352059206467776E-011
   1.3070433624307043E-011   1.3069062405912887E-011
   5.8067328723154787E-011   5.8064832472621439E-011
   8.7041485130612273E-012   8.7013481268652810E-012
   7.5760731022000982E-011   7.5757160099693262E-011
   3.3182345759996679E-012   3.3113276039342419E-012
   7.6352257849521266E-011   6.1004024038314417E-011
   3.5527136788005009E-015   9.1507770570384822E-016
   1.7763568394002505E-015   3.5432332299575056E-015
   6.7146288529329468E-013   6.7156697430207313E-013
   5.2891024893142458E-013   5.3035397674876698E-013
   1.0702549957386509E-013   1.0688920029777374E-013
   4.6984638402136625E-013   3.7511596116990348E-013
   2.6645352591003757E-014   2.4978548140627764E-014
   3.5527136788005009E-015   2.5102760085395792E-015
   3.5527136788005009E-015   2.4993345165367088E-015
   3.5527136788005009E-015   3.9355880204263417E-016
   2.0095036745715333E-013   2.0100119189848992E-013
   7.7471362658343423E-013   7.7418623118621006E-013
   1.7408297026122455E-013   1.3850435835336538E-013
   3.5527136788005009E-015   9.1507769707834348E-016
   1.7763568394002505E-015   1.4989668197995388E-015
   9.2370555648813024E-014   9.3073729588498255E-014
   2.4868995751603507E-014   2.2609976600335372E-014
   3.5527136788005009E-015   1.3516764848454802E-015
   8.3821838359199319E-014   8.4218879255254020E-014
   2.3046009545168999E-012   2.3046914223056150E-012
   6.8389738316909643E-014   5.6422347437370810E-014
   2.9025670755800093E-012   2.9005225822506001E-012
   7.1054273576010019E-015   3.9453073621471980E-015
   3.6415315207705135E-014   3.5544601912505630E-014
   4.9142911962007929E-012   4.9129906386891905E-012
   2.9309887850104133E-014   2.3033295272611457E-014
   1.5916157281026244E-012   1.5919338918248810E-012
   1.0658141036401503E-014   1.0436490745834706E-014
   1.3766765505351941E-014   1.4433503484890996E-014
   8.7774787438377189E-012   8.7767470273980544E-012
   1.0658141036401503E-014   8.9708799309969809E-015
   3.5527136788005009E-015   9.1507769640575614E-016
   1.7763568394002505E-015   3.5912609412572886E-015
   7.2297723363590194E-013   7.2179572196548850E-013
   2.8421709430404007E-014   2.6286043028192901E-014
   5.5511151231257827E-015   5.4192631768954638E-015
   1.4048540109001806E-011   1.4051171541677636E-011
   4.4408920985006262E-015   3.1873852119791514E-015
   1.2434497875801753E-014   1.3326135406641704E-014
   2.2382096176443156E-013   2.2544156305164171E-013
   6.0396132539608516E-014   6.6603388198696200E-014
   1.7763568394002505E-015   1.7921016683419585E-015
   3.5438318946034997E-013   3.5507150841197358E-013
   8.8817841970012523E-016   7.7918678392730895E-016
   2.9576341376014170E-013   2.9687312595473133E-013
   5.3290705182007514E-014   5.3108735687670032E-014
   2.4868995751603507E-014   2.3857551973478885E-014
   1.7763568394002505E-013   1.9081013363390335E-013
   1.5543122344752192E-014   1.5581765727210248E-014
   1.8023360581764791E-012   1.8014401460998149E-012
   1.1990408665951691E-014   1.1055859318729192E-014
   1.5827339439056232E-011   1.7021678749058169E-011
   4.4408920985006262E-016   9.3496641336404678E-017
   1.5543122344752192E-015   1.4919677506821036E-015
   1.1102230246251565E-016   2.6406658754935660E-016
   7.8426154459521058E-013   7.8460952561023943E-013
   1.3544720900426910E-014   1.4318778840683439E-014
   8.8817841970012523E-016   8.4724492232223299E-016
   1.5820234011698631E-011   1.7021678742230345E-011
   8.8817841970012523E-016   9.4135978163615243E-018
   2.2204460492503131E-016   1.8533085476333583E-017
   6.5319971653821085E-012   6.5307247857242696E-012
   4.4408920985006262E-015   5.2771222869875307E-015
   1.5827339439056232E-011   1.7021678736942784E-011
   2.0218937635263501E-011   2.0220876454134287E-011
   3.5527136788005009E-015   3.0039152359596530E-015
   3.5527136788005009E-015   9.1507769884025012E-016
   1.5820234011698631E-011   1.7021678735371758E-011
   4.3921755121800743E-011   4.3913371926692729E-011
   8.8817841970012523E-016   4.1066149066410924E-016
   1.1791456699938863E-011   1.1788851818267649E-011
   6.3369753888764535E-011   6.3367328939365308E-011
   8.8817841970012523E-016   3.9935893307417605E-018
   6.6862071435025427E-012   6.6890004219244582E-012
   7.6346040600583365E-011   6.1004024089991724E-011
   2.2239987629291136E-012   2.2254160986061887E-012
   1.4006573678670975E-012   1.3985061128489505E-012
   1.3322676295501878E-015   1.2448778467186082E-015
   1.2665424264923786E-012   1.0106818759215565E-012
   5.3290705182007514E-015   5.1277999388813947E-015
   2.9665159217984183E-013   2.9722497331873825E-013
   3.8324898810060404E-013   3.8335163372461158E-013
   2.3803181647963356E-013   2.3752513418538229E-013
   3.3573144264664734E-013   2.6893429094788887E-013
   3.5527136788005009E-015   9.1507769108193209E-016
   7.9225515037251171E-013   7.9520000943554927E-013
   3.5527136788005009E-015   4.7247169801053300E-015
   1.5276668818842154E-013   1.5259210049558172E-013
   1.1461942506230116E-012   1.1473920859373799E-012
   1.3145040611561853E-013   1.0426899548679466E-013
   7.1054273576010019E-015   7.0920104575567114E-015
   8.8817841970012523E-015   8.5707016642082636E-015
   6.0396132539608516E-014   5.8838544138285829E-014
   6.4948046940571658E-014   6.4481479892385822E-014
   2.9940494528091222E-012   2.9928251211423567E-012
   5.2402526762307389E-014   4.2782899375476773E-014
   3.5527136788005009E-015   9.1507769078523520E-016
   2.4407142973359441E-012   2.4422970672419895E-012
   7.1054273576010019E-015   5.3854816894988554E-015
   2.5979218776228663E-014   2.7003872377567070E-014
   5.9731108947858047E-012   5.9744377679180092E-012
   2.2204460492503131E-014   1.7291683353636664E-014
   3.5527136788005009E-015   9.1507769063580344E-016
   3.5527136788005009E-015   1.3770184775085938E-015
   1.2754242106893798E-012   1.2766582545406397E-012
   1.4210854715202004E-014   1.3958766958279651E-014
   9.7699626167013776E-015   1.0748364026737091E-014
   1.0260015059770922E-011   1.0261862674580665E-011
   8.8817841970012523E-015   6.5781360999313746E-015
   7.1054273576010019E-015   5.4323108611349791E-015
   5.2935433814127464E-013   5.3041257454902060E-013
   2.8421709430404007E-014   3.4980128953277291E-014
   4.8849813083506888E-015   3.9024463388049799E-015
   1.6009638059699682E-011   1.6004905419571139E-011
   2.6645352591003757E-015   2.2471108645272966E-015
   2.1316282072803006E-014   2.0077469857022652E-014
   1.3500311979441904E-013   1.3532032422622647E-013
   8.1712414612411521E-014   9.0329647569030866E-014
   1.7763568394002505E-015   1.2240533886822952E-015
   9.3258734068513149E-014   9.4574602076478234E-014
   1.2345680033831741E-013   1.2377377755921404E-013
   7.3718808835110394E-014   7.4751876282220568E-014
   8.8817841970012523E-016   6.4550247365925810E-016
   9.0594198809412774E-014   8.9929957764193834E-014
   5.3290705182007514E-015   5.2675557381537451E-015
   2.6645352591003757E-013   2.8994579575353134E-013
   4.4408920985006262E-016   3.0375519029942661E-016
   7.3274719625260332E-015   7.5375415503087250E-015
   8.8817841970012523E-015   8.7618307613424161E-015
   1.3322676295501878E-015   1.4883877159900024E-015
   9.3036689463588118E-014   9.2860814103157283E-014
   3.9968028886505635E-015   5.0517898940799878E-015
   1.5827339439056232E-011   1.7021678778425846E-011
   1.7763568394002505E-015   6.8227846616500871E-016
   2.2204460492503131E-016   1.0313657544346588E-016
   1.8725021533327890E-012   1.8708199715863051E-012
   9.5479180117763462E-015   9.6583949917807338E-015
   8.8817841970012523E-016   3.4898684369772806E-016
   1.5816681298019830E-011   1.7021678771885352E-011
   8.8817841970012523E-016   3.5883646661926847E-018
   4.4408920985006262E-016   9.2936477043754459E-018
   9.8393515557404498E-012   9.8375995002800464E-012
   3.5527136788005009E-015   4.3043174687984419E-015
   1.5823786725377431E-011   1.7021678767491908E-011
   2.6445956535781079E-011   2.6444656438206889E-011
   2.6645352591003757E-015   2.6291082360230782E-015
   1.4701129202876473E-011   1.4691710873333486E-011
   5.1909143650163969E-011   5.1903278485557135E-011
   1.0562217767073889E-011   1.0563845549326808E-011
   6.8865801949868910E-011   6.8859396922832233E-011
   4.9844572913571028E-012   4.9852837247234188E-012
   7.6349593314262165E-011   6.1004024140313994E-011
   3.5527136788005009E-015   1.0321411980912160E-015
   1.3891110484109959E-012   1.3870784873579512E-012
   3.5527136788005009E-015   4.4595511145784160E-017
   8.3577589293781784E-013   8.3520147312937685E-013
   2.3536728122053319E-014   2.3411239121727740E-014
   7.4784622938750545E-013   5.9702387917226481E-013
   7.1054273576010019E-015   8.4781452284845840E-015
   9.0594198809412774E-014   8.7985862930228035E-014
   2.8421709430404007E-013   2.8378436835463622E-013
   4.3431924723336124E-013   4.3463906356559045E-013
   2.4691360067663481E-013   1.9748603433812047E-013
   1.7763568394002505E-015   2.7909984294727153E-016
   3.7303493627405260E-013   3.7374819783021192E-013
   1.0658141036401503E-014   9.1979498212655360E-015
   3.5527136788005009E-015   8.6917958412674264E-016
   1.1701750679549150E-013   1.1642861324551394E-013
   1.6127099655705024E-012   1.6117900150323310E-012
   9.7699626167013776E-014   7.8868827317245915E-014
   3.5242919693700969E-012   3.5192770108108138E-012
   7.1054273576010019E-015   2.6731871518246405E-015
   4.9737991503207013E-014   4.9319466165120193E-014
   3.7925218521195347E-012   3.7914492393661291E-012
   4.0856207306205761E-014   3.2388717213273133E-014
   3.5527136788005009E-015   4.7816720842229589E-016
   2.0285995105950860E-012   2.0304966510946802E-012
   7.1054273576010019E-015   7.2933367059380890E-015
   1.9650947535865271E-014   2.0414390326897124E-014
   7.1613270868908785E-012   7.1627661855513834E-012
   1.5987211554602254E-014   1.2905446630415412E-014
   3.5527136788005009E-015   2.1447542440866415E-015
   1.0018652574217413E-012   1.0021566553496399E-012
   1.4210854715202004E-014   1.8607320931194594E-014
   8.6597395920762210E-015   7.9337403445139041E-015
   1.1889600415315726E-011   1.1888360371153502E-011
   4.4408920985006262E-015   4.7740687069861081E-015
   7.1054273576010019E-015   8.1624375997186131E-015
   3.7481129311345285E-013   3.7322900661134106E-013
   4.2632564145606011E-014   4.6662337510055887E-014
   1.9984014443252818E-015   2.7711787501991933E-015
   1.8113732735969279E-011   1.8113165854007237E-011
   1.7763568394002505E-015   1.5582774018820344E-015
   3.0198066269804258E-014   3.0644738203417839E-014
   7.1054273576010019E-014   7.1204820367903035E-014
   1.1723955140041653E-013   1.2451297166194951E-013
   8.8817841970012523E-016   8.1769923804012980E-016
   4.0412118096355698E-014   3.9311785755234515E-014
   5.8997251528580819E-013   5.9052064517762242E-013
   2.9309887850104133E-014   2.9637581570780681E-014
   8.8817841970012523E-016   4.1591081841580385E-016
   3.5527136788005009E-015   9.1507767576376300E-016
   1.9539925233402755E-013   1.9425792717950016E-013
   5.0803805606847163E-013   5.4302960457654459E-013
   4.4408920985006262E-016   1.8332052104187623E-016
   4.3298697960381105E-015   3.6599399741876437E-015
   1.1102230246251565E-015   1.1260624758188384E-015
   1.3722356584366935E-013   1.3673326349978656E-013
   2.8421709430404007E-014   2.8764823312389453E-014
   2.6645352591003757E-015   2.2949902414513007E-015
   8.8817841970012523E-016   7.9005245546472453E-017
   1.5820234011698631E-011   1.7021678836352319E-011
   8.8817841970012523E-016   2.5027545903953023E-017
   2.2204460492503131E-016   2.9426196337991494E-016
   3.5607072845778021E-012   3.5606959263115288E-012
   7.9936057773011271E-015   7.1060326103616883E-015
   1.5827339439056232E-011   1.7021678830264131E-011
   4.4408920985006262E-016   4.7951476511438743E-018
   1.3986145575017872E-011   1.3986951113295422E-011
   3.5527136788005009E-015   3.6105110353376713E-015
   3.5527136788005009E-015   9.1507767820102430E-016
   1.5827339439056232E-011   1.7021678826996389E-011
   8.8817841970012523E-016   1.8145387893085335E-022
   3.3695268797373501E-011   3.3695444999021941E-011
   2.6645352591003757E-015   1.2458368216490474E-015
   3.5527136788005009E-015   4.0688705864219400E-016
   1.3343992577574681E-011   1.3344698002539653E-011
   5.6980198337441834E-011   5.6976277814628867E-011
   9.1695540049840929E-012   9.1643509503230883E-012
   7.4551032014369412E-011   7.4540950358033122E-011
   3.5740299608733039E-012   3.5725580253846922E-012
   7.6352257849521266E-011   6.1004024222403036E-011
   1.7763568394002505E-015   2.9377668445571948E-015
   7.7449158197850920E-013   7.7391737176566534E-013
   5.7109872386718052E-013   5.7028836844694499E-013
   8.7041485130612273E-014   8.7022745075829282E-014
   5.0803805606847163E-013   4.0407096112872232E-013
   3.5527136788005009E-015   9.1507765511755516E-016
   1.9539925233402755E-014   1.9055812571575435E-014
   7.1054273576010019E-015   7.4607061952165459E-015
   3.5527136788005009E-015   1.3612459104581106E-015
   3.5527136788005009E-015   2.1905246434302834E-015
   2.1382895454280515E-013   2.1316201143311848E-013
   7.0787820050099981E-013   7.0681517066428340E-013
   1.8385293287792592E-013   1.4713811522658224E-013
   1.7763568394002505E-015   1.1161725897461470E-015
   1.2612133559741778E-013   1.2605721809292464E-013
   1.7763568394002505E-014   1.9111907393719623E-014
   8.8040685852774914E-014   8.9073141872121275E-014
   2.1751489498456067E-012   2.1738035324208840E-012
   7.4606987254810520E-014   5.9791920574375543E-014
   3.0055957722652238E-012   3.0027180984882184E-012
   3.7525538232330291E-014   3.7634941228008292E-014
   4.7042925110929446E-012   4.7059196660570330E-012
   3.1086244689504383E-014   2.4446273687996934E-014
   1.6626700016786344E-012   1.6634375075303500E-012
   1.0658141036401503E-014   9.8132079913414070E-015
   1.4099832412739488E-014   1.5339193988956914E-014
   8.4847684433952963E-012   8.4826652475247718E-012
   1.3322676295501878E-014   9.5631057729755771E-015
   3.5527136788005009E-015   3.2884922773859010E-015
   7.6916251146030845E-013   7.6650064911658987E-013
   2.8421709430404007E-014   2.4758792332120936E-014
   4.8849813083506888E-015   5.7965341640227500E-015
   1.3663292719456877E-011   1.3660462671636502E-011
   5.3290705182007514E-015   3.4235133907596830E-015
   3.5527136788005009E-015   9.1507765370212275E-016
   1.4210854715202004E-014   1.2237907008872206E-014
   2.4691360067663481E-013   2.4792006580907435E-013
   6.0396132539608516E-014   6.2566820542171589E-014
   2.2204460492503131E-015   1.9364567264826385E-015
   2.0385915178167124E-011   2.0379825038104182E-011
   8.8817841970012523E-016   1.0601270079621036E-015
   4.7961634663806763E-014   4.8052694072109903E-014
   2.8421709430404007E-014   2.9944494214425320E-014
   1.6342482922482304E-013   1.7641513236015233E-013
   1.3322676295501878E-015   5.3225109266234543E-016
   1.8207657603852567E-014   1.8197929626983531E-014
   1.5329959524024162E-012   1.5333454402955073E-012
   1.3322676295501878E-014   1.3055586607136089E-014
   3.5527136788005009E-015   9.1507765218951293E-016
   1.5823786725377431E-011   1.7021678937984851E-011
   4.4408920985006262E-016   1.0566806840587213E-016
   7.7715611723760958E-016   1.7485975550799768E-015
   6.2394533983933798E-013   6.2456421427081570E-013
   1.5765166949677223E-014   1.5803613212319296E-014
   1.3322676295501878E-015   1.0120508358274240E-015
   3.5527136788005009E-015   9.1507765393280520E-016
   1.5827339439056232E-011   1.7021678931115206E-011
   8.8817841970012523E-016   1.1297635855734014E-017
   4.4408920985006262E-016   1.1657467799964101E-016
   4.4408920985006262E-016   2.1528104874472885E-017
   5.9370286464854871E-012   5.9376699271392385E-012
   5.7731597280508140E-015   5.5315963811049678E-015
   1.5820234011698631E-011   1.7021678925666267E-011
   4.4408920985006262E-016   2.5164743920920756E-018
   1.9042434296068222E-011   1.9040325713905498E-011
   3.5527136788005009E-015   3.0953035738613568E-015
   1.5816681298019830E-011   1.7021678923773697E-011
   4.2025494195740976E-011   4.2024290922430527E-011
   8.8817841970012523E-016   5.0486732869033524E-016
   3.5527136788005009E-015   6.0705416648314684E-017
   1.2057910225848900E-011   1.2052902842279770E-011
   6.2238658671276426E-011   6.2238983503324834E-011
   7.0841110755281989E-012   7.0850961627806008E-012
   7.6346040600583365E-011   6.1004024250496235E-011
   2.4336088699783431E-012   2.4320386995819683E-012
   3.5527136788005009E-015   8.2706431880358313E-020
   1.6475709685437323E-012   1.6471401859566691E-012
   1.4974688156144111E-012   1.1942400881455416E-012
   3.5527136788005009E-015   9.1507764838604827E-016
   3.5527136788005009E-015   4.7051422648536767E-015
   3.6237679523765109E-013   3.6102370605304789E-013
   4.0989434069160779E-013   4.0938581254946821E-013
   2.0516921495072893E-013   2.0491000430071848E-013
   3.5971225997855072E-013   2.8768619048113457E-013
   9.0771834493352799E-013   9.0843603514517376E-013
   7.1054273576010019E-015   4.1270214482719066E-015
   1.6031620475587260E-013   1.6159188530046329E-013
   1.0611511669367246E-012   1.0617452068106512E-012
   1.3855583347321954E-013   1.1061570878936381E-013
   3.5527136788005009E-015   4.9331193511733360E-015
   1.7763568394002505E-014   1.7646153582221695E-014
   4.6185277824406512E-014   4.6572960905562571E-014
   6.7945649107059580E-014   6.8200333006682358E-014
   2.8398394746886879E-012   2.8394576151957040E-012
   5.7731597280508140E-014   4.5344442966145000E-014
   2.5366375666635577E-012   2.5345430501061558E-012
   3.5527136788005009E-015   5.0486355278283235E-015
   2.9531932455029164E-014   2.8617372706960137E-014
   5.7421289945125409E-012   5.7413549479091794E-012
   2.4868995751603507E-014   1.8372049261361156E-014
   3.5527136788005009E-015   1.2517574499152500E-015
   1.3393730569077889E-012   1.3393698092081666E-012
   1.4210854715202004E-014   1.3136779716543649E-014
   1.2434497875801753E-014   1.1442092202103607E-014
   9.9389385610493264E-012   9.9386625873099737E-012
   9.7699626167013776E-015   7.0262358374046953E-015
   3.5527136788005009E-015   9.1507764745594932E-016
   5.3290705182007514E-015   4.9839254488450742E-015
   5.6488147492927965E-013   5.6766068848067969E-013
   2.8421709430404007E-014   3.2940420769084721E-014
   3.9968028886505635E-015   4.1853764099112682E-015
   1.5580425838379597E-011   1.5582272898563901E-011
   3.5527136788005009E-015   2.4212447605014594E-015
   3.5527136788005009E-015   9.1507764643757919E-016
   1.7763568394002505E-014   1.8409185368582449E-014
   1.5099033134902129E-013   1.5197646312556895E-013
   7.4606987254810520E-014   8.4642960273706073E-014
   1.3322676295501878E-015   1.3282857515209512E-015
   1.1723955140041653E-013   1.1704925527354390E-013
   7.4162898044960457E-014   7.4860869029802721E-014
   9.3258734068513149E-014   9.3462650299197273E-014
   8.8817841970012523E-016   7.0534837148217193E-016
   7.9936057773011271E-014   7.9771156973977054E-014
   7.1054273576010019E-015   7.8684830712069957E-015
   2.4513724383723456E-013   2.6340051001870874E-013
   9.2148511043887993E-015   8.7688664525969402E-015
   3.0545566076511932E-012   3.0537904949668462E-012
   5.7731597280508140E-015   5.9518177748595427E-015
   1.5820234011698631E-011   1.7021678966065552E-011
   6.6613381477509392E-016   8.0732061184068126E-016
   1.5965007094109751E-012   1.5958567978969022E-012
   9.9920072216264089E-015   1.0400016539661535E-014
   8.8817841970012523E-016   4.2301671957621171E-016
   1.5830892152735032E-011   1.7021678959451974E-011
   8.8817841970012523E-016   4.4582492180010693E-018
   9.0756291371008047E-012   9.0760140205797194E-012
   4.8849813083506888E-015   4.4807970506079841E-015
   8.8817841970012523E-016   8.8472318432400646E-019
   1.5823786725377431E-011   1.7021678954851987E-011
   2.5058177754999633E-011   2.5055330017919240E-011
   1.7763568394002505E-015   2.7003560988350854E-015
   1.4981793583501712E-011   1.4981366386298435E-011
   5.0869086720695122E-011   5.0862899129508501E-011
   1.0810907724589924E-011   1.0816313303497799E-011
   6.7688965543766244E-011   6.7691281874983377E-011
   5.3184123771643499E-012   5.3180470142942006E-012
   7.6345152422163665E-011   6.1004024319558552E-011
   3.5527136788005009E-015   8.1712288162257420E-016
   1.5418777365994174E-012   1.5435389831854832E-012
   9.1393559387142886E-013   9.1502672143824926E-013
   1.5987211554602254E-014   1.5827428301018031E-014
   8.1978868138321559E-013   6.5540606422034300E-013
   7.1054273576010019E-015   7.5079359902171468E-015
   1.1723955140041653E-013   1.1985948127762716E-013
   3.5527136788005009E-015   1.0252958005060096E-015
   3.5527136788005009E-015   2.1117224086277747E-016
   3.0020430585864233E-013   3.0183452644872392E-013
   3.8724579098925460E-013   3.8732745114357737E-013
   2.6290081223123707E-013   2.1040298950452522E-013
   3.5527136788005009E-015   9.1507762994868628E-016
   4.4408920985006262E-013   4.4675447624420227E-013
   3.5527136788005009E-015   7.9676193529377188E-015
   1.2279066652354231E-013   1.2319199523130046E-013
   1.5074608228360376E-012   1.5064609456993014E-012
   1.0391687510491465E-013   8.3605313471833372E-014
   3.5527136788005009E-015   9.1507762984044174E-016
   3.6344260934129125E-012   3.6339551729128275E-012
   3.5527136788005009E-015   2.4946264512591635E-015
   5.2846615972157451E-014   5.2180924026699195E-014
   3.6133318559450345E-012   3.6144449422643912E-012
   4.3520742565306136E-014   3.4343607759091033E-014
   2.1138646388862981E-012   2.1131387194140434E-012
   3.5527136788005009E-015   6.8477085937500653E-015
   2.0483614804334138E-014   2.1658627697158078E-014
   6.9036443228753797E-012   6.9026653701801000E-012
   1.8651746813702630E-014   1.3730098542221237E-014
   3.5527136788005009E-015   9.1507762933352998E-016
   1.7763568394002505E-015   1.9571517649994615E-015
   1.0569323194431490E-012   1.0564693138254304E-012
   1.4210854715202004E-014   1.7521770097825673E-014
   8.8817841970012523E-015   8.4624162686408477E-015
   1.1539103006441565E-011   1.1535139861129762E-011
   5.3290705182007514E-015   5.1110019011914404E-015
   8.8817841970012523E-015   7.4965719526175224E-015
   4.0323300254385686E-013   4.0348830557793601E-013
   3.9079850466805510E-014   4.3910342771102025E-014
   3.5527136788005009E-015   2.9813080946656921E-015
   1.7655432671404014E-011   1.7657784824646552E-011
   8.8817841970012523E-016   1.6851994386459557E-015
   3.0198066269804258E-014   2.7996905027870603E-014
   8.1712414612411521E-014   8.2651926395193464E-014
   1.0302869668521453E-013   1.1619573332064344E-013
   4.4408920985006262E-016   8.9172765723519894E-016
   4.7073456244106637E-014   4.6671792248126073E-014
   4.5696779693571443E-013   4.5691055318020424E-013
   3.3750779948604759E-014   3.5538702351128085E-014
   8.8817841970012523E-016   4.5722157416259030E-016
   3.5527136788005009E-015   9.1507762739245193E-016
   1.5631940186722204E-013   1.5647073886053569E-013
   4.1922021409845911E-013   4.5446886342181114E-013
   4.4408920985006262E-016   2.0452779404255232E-016
   3.7747582837255322E-015   4.2621347545306755E-015
   1.7763568394002505E-015   1.5479409420216218E-015
   8.4376949871511897E-014   8.4420490910718807E-014
   3.5249581031848720E-014   3.4017507610341364E-014
   2.6645352591003757E-015   2.7128213941324576E-015
   3.5527136788005009E-015   9.1507762738773967E-016
   1.5827339439056232E-011   1.7021679048050127E-011
   4.4408920985006262E-016   3.5317563781520505E-016
   3.1523672561206695E-012   3.1517779537755227E-012
   7.1054273576010019E-015   7.5377632471508165E-015
   4.4408920985006262E-016   1.6282752884039414E-016
   3.5527136788005009E-015   9.1507762896905632E-016
   1.5830892152735032E-011   1.7021679041852650E-011
   1.3044010316320964E-011   1.3043339369358737E-011
   3.9968028886505635E-015   3.7387445314395967E-015
   1.5816681298019830E-011   1.7021679038329255E-011
   8.8817841970012523E-016   4.1229178529127995E-021
   3.2088331991531049E-011   3.2086305853716569E-011
   8.8817841970012523E-016   1.4842583513224747E-015
   1.3624656958199921E-011   1.3622764564500984E-011
   5.5906390628024383E-011   5.5896076539985836E-011
   9.6385122105857590E-012   9.6349264872163974E-012
   7.3339556649898441E-011   7.3333081691843313E-011
   3.8475889141409425E-012   3.8457780735951346E-012
   7.6337158816386363E-011   6.1004024359368403E-011
   3.5527136788005009E-015   2.3767720929743919E-015
   8.8462570602132473E-013   8.8509752170005667E-013
   6.1506355564233672E-013   6.1450409806089437E-013
   6.9722005946459831E-014   6.9554160667691315E-014
   5.4622972811557702E-013   4.3617605102215094E-013
   1.5987211554602254E-014   1.5322103702624393E-014
   1.5987211554602254E-014   1.5891903776803205E-014
   1.7763568394002505E-015   9.3331163264706347E-016
   3.5527136788005009E-015   1.9203753125915993E-015
   2.2737367544323206E-013   2.2614861711956745E-013
   6.4304117586289067E-013   6.4309000009663335E-013
   1.9628743075372768E-013   1.5637095219602509E-013
   3.5527136788005009E-015   9.1507761964206137E-016
   1.7763568394002505E-015   8.3401400060777156E-016
   1.6697754290362354E-013   1.6521101766730291E-013
   1.7763568394002505E-014   1.6256439330507345E-014
   9.5701224722688494E-014   9.4210459347303103E-014
   2.0463630789890885E-012   2.0474800718806196E-012
   7.9047879353311146E-014   6.3363583171990143E-014
   3.5527136788005009E-015   9.1507761945925666E-016
   3.1086244689504383E-012   3.1070440122954670E-012
   3.8857805861880479E-014   3.9842004952485093E-014
   4.5044523666604164E-012   4.5041755143061813E-012
   3.2862601528904634E-014   2.5940998435268524E-014
   3.5527136788005009E-015   7.0833408264091360E-016
   1.7372769889334450E-012   1.7368341986291418E-012
   7.1054273576010019E-015   9.2250843129140763E-015
   1.5987211554602254E-014   1.6296492365908585E-014
   8.1923356987090301E-012   8.1945764387997354E-012
   1.2434497875801753E-014   1.0190606070074656E-014
   3.5527136788005009E-015   9.1507761910569906E-016
   1.7763568394002505E-015   3.0097101018532943E-015
   8.1179507560591446E-013   8.1282692933172992E-013
   2.1316282072803006E-014   2.3320143850904968E-014
   6.6613381477509392E-015   6.1968535773568630E-015
   1.3280043731356272E-011   1.3276345928966817E-011
   4.4408920985006262E-015   3.6748956001156500E-015
   3.5527136788005009E-015   9.1507761826972620E-016
   7.1054273576010019E-015   1.1240109041071826E-014
   2.7178259642823832E-013   2.7169229456958835E-013
   5.3290705182007514E-014   5.8797580889958333E-014
   1.7763568394002505E-015   2.0907340622084690E-015
   1.9890089575369529E-011   1.9890890867905679E-011
   8.8817841970012523E-016   1.1513620328660250E-015
   3.5527136788005009E-015   9.1507761693261841E-016
   4.2632564145606011E-014   4.3580162186719266E-014
   3.7303493627405260E-014   3.6879060349014255E-014
   1.4921397450962104E-013   1.6346026747311790E-013
   8.8817841970012523E-016   5.8381108478730832E-016
   2.1316282072803006E-014   2.1288849247270662E-014
   1.2905232438242820E-012   1.2907347084748222E-012
   1.5099033134902129E-014   1.5438809706032222E-014
   1.5823786725377431E-011   1.7021679094341745E-011
   2.2204460492503131E-015   2.0462963271094133E-015
   8.8817841970012523E-016   4.1419993054391296E-016
   4.8672177399566863E-013   4.8589610882187997E-013
   1.7763568394002505E-014   1.7572392962026640E-014
   8.8817841970012523E-016   1.2060868189338886E-015
   1.5823786725377431E-011   1.7021679087435730E-011
   8.8817841970012523E-016   1.3479745680516570E-017
   4.4408920985006262E-016   1.4280901302910153E-016
   2.2204460492503131E-016   2.5059574109117640E-017
   5.3772541974694832E-012   5.3781606817113482E-012
   5.3290705182007514E-015   5.8083871237091485E-015
   1.5813128584341030E-011   1.7021679081836125E-011
   1.7904122628920049E-011   1.7902126587035958E-011
   2.6645352591003757E-015   3.1919123985990440E-015
   1.5823786725377431E-011   1.7021679079632806E-011
   4.0185188510122316E-011   4.0184829769736014E-011
   1.7763568394002505E-015   6.1669308412027721E-016
   3.5527136788005009E-015   9.7282181477424102E-017
   1.2317258324401337E-011   1.2319384288916863E-011
   6.1119109773244418E-011   6.1118986290832025E-011
   7.4962258622690570E-012   7.4949409252935793E-012
   7.6346928779003065E-011   6.1004024401103956E-011
   2.6503244043851737E-012   2.6497634423053949E-012
   2.1724844145865063E-012   2.1718020858999464E-012
   1.9797496975115791E-012   1.5829486317336699E-012
   5.3290705182007514E-015   4.3387426643609046E-015
   4.3165471197426086E-013   4.3240299269915030E-013
   4.3742787170231168E-013   4.3768645357707334E-013
   1.7497114868092467E-013   1.7514091197270959E-013
   3.8635761256955448E-013   3.0809856084250570E-013
   1.0285106100127450E-012   1.0308333244445844E-012
   3.5527136788005009E-015   3.6086753887641817E-015
   1.7164047960704920E-013   1.7116445661543278E-013
   9.8077101995386329E-013   9.8005333902121398E-013
   1.4743761767022079E-013   1.1737600481659469E-013
   3.5527136788005009E-015   3.5249730239613972E-015
   3.0198066269804258E-014   3.0881344198387513E-014
   3.5527136788005009E-014   3.7718223071324140E-014
   3.5527136788005009E-015   1.6567195798048996E-015
   7.0943251273547503E-014   7.2131313149554524E-014
   2.6925128793209296E-012   2.6909050324246006E-012
   6.0396132539608516E-014   4.8056593691142061E-014
   2.6254554086335702E-012   2.6288484390480604E-012
   3.5527136788005009E-015   4.7311438882896130E-015
   3.0753177782116836E-014   3.0321015688877226E-014
   5.5118687392052834E-012   5.5138150936014963E-012
   2.3980817331903381E-014   1.9515109386662475E-014
   1.4033219031261979E-012   1.4038941664155014E-012
   1.0658141036401503E-014   1.2361202601188255E-014
   1.2545520178264269E-014   1.2176014123325291E-014
   9.6228580659385443E-012   9.6216483874547993E-012
   9.7699626167013776E-015   7.5015618422593111E-015
   5.3290705182007514E-015   4.5710235925906358E-015
   6.0573768223548541E-013   6.0643565014543586E-013
   2.8421709430404007E-014   3.1022229665537206E-014
   5.3290705182007514E-015   4.4861417558362829E-015
   1.5164536293355013E-011   1.5166408373030861E-011
   3.5527136788005009E-015   2.6070372902409906E-015
   1.5987211554602254E-014   1.6887400813827203E-014
   1.7053025658242404E-013   1.6980569871664743E-013
   7.4606987254810520E-014   7.9364349620080033E-014
   1.7763568394002505E-015   1.4400322866686517E-015
   1.4788170688007085E-013   1.4760236361242438E-013
   3.9968028886505635E-014   3.9866623174501921E-014
   1.1857181902996672E-013   1.1910943128264161E-013
   7.2830630415410269E-014   7.1183862704852234E-014
   1.0658141036401503E-014   1.1118034809699229E-014
   2.2026824808563106E-013   2.4053587424894140E-013
   9.9920072216264089E-015   1.0204908400658101E-014
   2.6809665598648280E-012   2.6824439778775302E-012
   6.6613381477509392E-015   7.0119326462008505E-015
   1.5816681298019830E-011   1.7021679216506108E-011
   1.1102230246251565E-015   9.5303107283563964E-016
   2.2204460492503131E-016   1.5023710199827641E-016
   1.3460343950555398E-012   1.3466853227572901E-012
   1.1768364061026659E-014   1.1244775999051219E-014
   4.4408920985006262E-016   5.1091297198622555E-016
   1.5823786725377431E-011   1.7021679209826262E-011
   8.3504314574156524E-012   8.3509460543401608E-012
   4.8849813083506888E-015   4.6705463600595779E-015
   1.5820234011698631E-011   1.7021679205029468E-011
   4.4408920985006262E-016   1.5208593347921030E-018
   2.3711921315339168E-011   2.3710746492523282E-011
   3.5527136788005009E-015   2.7752727345908002E-015
   3.5527136788005009E-015   9.1507757043540420E-016
   1.5280221532520954E-011   1.5273454122141573E-011
   4.9398707346881565E-011   4.9400099102448902E-011
   1.1070255823142361E-011   1.1071211398644453E-011
   3.5527136788005009E-015   3.5813036037531921E-020
   6.6536998133415182E-011   6.6531511348667151E-011
   5.6630256040079985E-012   5.6637927426682281E-012
   7.6346928779003065E-011   6.1004024557106652E-011
   1.7088552795030409E-012   1.7101366506479457E-012
   1.0094147739891923E-012   1.0087811775812712E-012
   1.0214051826551440E-014   9.9481033776339792E-015
   9.0416563125472749E-013   7.2409055421451219E-013
   7.1054273576010019E-015   6.7140200219624045E-015
   1.5809575870662229E-013   1.5781255428483071E-013
   3.1974423109204508E-013   3.2125564297587850E-013
   3.4328095921409840E-013   3.4324845601216512E-013
   2.8244073746463982E-013   2.2431997386308315E-013
   3.5527136788005009E-015   9.1507756511262086E-016
   5.2580162446247414E-013   5.2770927048529160E-013
   3.5527136788005009E-015   6.9179010118346590E-015
   1.3145040611561853E-013   1.3036589141125815E-013
   1.4064305275951483E-012   1.4053735372684307E-012
   1.1013412404281553E-013   8.8636752241940086E-014
   3.1974423109204508E-014   3.1620864359325358E-014
   1.6342482922482304E-013   1.6411949884627760E-013
   3.5527136788005009E-015   2.3267808926044552E-015
   5.5067062021407764E-014   5.5203362003925651E-014
   3.4416913763379853E-012   3.4424936622673760E-012
   4.7073456244106637E-014   3.6412114877413556E-014
   3.5527136788005009E-015   9.1507756474567747E-016
   2.1991297671775101E-012   2.1977666478072722E-012
   3.5527136788005009E-015   6.4273900100070569E-015
   2.4757973449140991E-014   2.2972789891551516E-014
   6.6492367167825250E-012   6.6483155525319986E-012
   1.8651746813702630E-014   1.4603020648534933E-014
   1.7763568394002505E-015   1.7846575218948409E-015
   1.1137757383039570E-012   1.1125107653980930E-012
   1.4210854715202004E-014   1.6497976649086760E-014
   3.5527136788005009E-015   8.2706388036923218E-020
   9.5479180117763462E-015   9.0223803829979945E-015
   1.1186607196123077E-011   1.1188292323291947E-011
   7.1054273576010019E-015   5.4689204519264516E-015
   5.3290705182007514E-015   6.8840412468021097E-015
   4.3698378249246161E-013   4.3517368770686716E-013
   3.9079850466805510E-014   4.1328716684485529E-014
   3.1086244689504383E-015   3.2051705616060856E-015
   1.7209345060109627E-011   1.7209343207802666E-011
   2.6645352591003757E-015   1.8209751511688828E-015
   2.4868995751603507E-014   2.5603133662863988E-014
   9.4146912488213275E-014   9.5137568193889750E-014
   9.9475983006414026E-014   1.0854752277777916E-013
   1.7763568394002505E-015   9.7138674836615940E-016
   5.6399329650957952E-014   5.5704604008090283E-014
   3.4283687000424834E-013   3.4330132206526423E-013
   4.2632564145606011E-014   4.2838378786441304E-014
   8.8817841970012523E-016   5.0195659025562288E-016
   1.2967404927621828E-013   1.3174879369554800E-013
   3.6237679523765109E-013   3.9487770475485268E-013
   8.8817841970012523E-016   2.2774802540368804E-016
   4.5519144009631418E-015   4.9606812945458983E-015
   1.7763568394002505E-015   2.2055132260187460E-015
   4.6629367034256575E-014   4.6422912726179512E-014
   4.1411318818518339E-014   4.1249148099687188E-014
   3.5527136788005009E-015   3.2031987706394225E-015
   1.5823786725377431E-011   1.7021679330256567E-011
   8.8817841970012523E-016   3.3879757919229215E-017
   1.1102230246251565E-015   4.2243226990212813E-016
   2.2204460492503131E-016   6.3364101136002767E-017
   2.7731150709087160E-012   2.7724136755915484E-012
   8.4376949871511897E-015   8.0169065292209590E-015
   4.4408920985006262E-016   2.0065778331187823E-016
   1.5823786725377431E-011   1.7021679323957622E-011
   4.4408920985006262E-016   1.5718398738032972E-017
   1.2143175354140112E-011   1.2138992840123547E-011
   4.4408920985006262E-015   3.8754147388879265E-015
   3.5527136788005009E-015   9.1507756523896561E-016
   1.5823786725377431E-011   1.7021679320187575E-011
   3.0532687489426280E-011   3.0524179456114463E-011
   1.7763568394002505E-015   1.7607828266287103E-015
   1.3898215911467560E-011   1.3903262241571619E-011
   5.4828586115718281E-011   5.4824229980967256E-011
   9.8765440270653926E-012   9.8782411288352948E-012
   7.2137851248044171E-011   7.2133554768299154E-011
   4.1282532947661821E-012   4.1311657277001110E-012
   7.6342487886904564E-011   6.1004024595143958E-011
   1.0054179711005418E-012   1.0053476937436770E-012
   3.5527136788005009E-015   2.9321502555238033E-017
   6.6657790398494399E-013   6.6374672330641131E-013
   5.4178883601707639E-014   5.4378301543495901E-014
   5.8975047068088315E-013   4.7198310836928676E-013
   3.5527136788005009E-015   9.1507755531897583E-016
   1.4210854715202004E-014   1.2734065929457740E-014
   2.6645352591003757E-014   2.8377034955640996E-014
   1.7763568394002505E-015   6.7065047635433235E-016
   2.4202861936828413E-013   2.4003164674741615E-013
   5.8264504332328215E-013   5.8294247931796282E-013
   2.0961010704922955E-013   1.6625474212275924E-013
   1.7763568394002505E-015   6.2420874778765622E-016
   2.1138646388862981E-013   2.1087845119945692E-013
   1.4210854715202004E-014   1.3899146760724545E-014
   9.9920072216264089E-014   9.9649080059741849E-014
   1.9249046800950964E-012   1.9256667457815715E-012
   8.3488771451811772E-014   6.7150606960031000E-014
   3.2152058793144533E-012   3.2135149148675849E-012
   4.1522341120980855E-014   4.2172388190551893E-014
   4.3072212463357573E-012   4.3077117647620460E-012
   3.5527136788005009E-014   2.7522208495590961E-014
   1.8083312625094550E-012   1.8121403739100268E-012
   7.1054273576010019E-015   8.6701559853173670E-015
   1.6431300764452317E-014   1.7308180906220569E-014
   7.9152795429138223E-012   7.9124394179399248E-012
   1.4210854715202004E-014   1.0855349238801433E-014
   3.5527136788005009E-015   2.7530521526982617E-015
   8.5975671026972122E-013   8.6079369601247360E-013
   2.4868995751603507E-014   2.1964599417369730E-014
   5.7731597280508140E-015   6.6214833584746253E-015
   1.2899792345422156E-011   1.2898783940447062E-011
   4.4408920985006262E-015   3.9424062247257509E-015
   1.0658141036401503E-014   1.0324530646210664E-014
   2.9665159217984183E-013   2.9678215526109589E-013
   5.3290705182007514E-014   5.5274569460316827E-014
   1.3322676295501878E-015   2.2555175226965949E-015
   1.9408696871892062E-011   1.9409063439475808E-011
   1.7763568394002505E-015   1.2492654139488443E-015
   4.2632564145606011E-014   3.9603051415811943E-014
   4.4408920985006262E-014   4.4697324869867868E-014
   1.3855583347321954E-013   1.5174173586353406E-013
   4.4408920985006262E-016   6.3953620813607455E-016
   2.5757174171303632E-014   2.4956100536760625E-014
   1.0735856648125264E-012   1.0727447936899752E-012
   1.8651746813702630E-014   1.8290512288294329E-014
   3.5527136788005009E-015   9.1507755266911198E-016
   1.5827339439056232E-011   1.7021679373983515E-011
   4.4408920985006262E-016   1.3398378946054190E-016
   2.3314683517128287E-015   2.3914834321883295E-015
   2.2204460492503131E-016   5.2793961393646209E-016
   3.6814995496570191E-013   3.6755749156207014E-013
   1.9539925233402755E-014   1.9709209140741267E-014
   8.8817841970012523E-016   1.4342881556432005E-015
   3.5527136788005009E-015   9.1507755442840077E-016
   1.5827339439056232E-011   1.7021679367047267E-011
   2.2204460492503131E-016   2.9237143713533362E-017
   4.8523407514267092E-012   4.8515396726448988E-012
   7.5495165674510645E-015   6.1103287736330597E-015
   3.5527136788005009E-015   9.1507755589969381E-016
   1.5820234011698631E-011   1.7021679361306478E-011
   1.6808443525917482E-011   1.6805760606231365E-011
   2.6645352591003757E-015   3.2941690374188095E-015
   3.5527136788005009E-015   9.1507755658995006E-016
   1.5820234011698631E-011   1.7021679358806108E-011
   3.8393288548377313E-011   3.8394546893657826E-011
   8.8817841970012523E-016   7.4879867613887780E-016
   3.5527136788005009E-015   1.4908836975067903E-016
   1.2590817277668975E-011   1.2588296203558251E-011
   6.0011107194668512E-011   6.0007338836352426E-011
   7.9154460763675161E-012   7.9186900712145300E-012
   7.6346928779003065E-011   6.1004024620523436E-011
   2.8776980798284058E-012   2.8787822646621266E-012
   7.6346040600583365E-011   6.1004024634352216E-011
   3.5527136788005009E-015   4.0185908687461296E-015
   5.1336712658667238E-013   5.1164142081615272E-013
   4.6984638402136625E-013   4.6854157067578475E-013
   1.4876988529977098E-013   1.4812987419582224E-013
   4.1566750041965861E-013   3.3038409926940665E-013
   6.5725203057809267E-014   6.5334197164472860E-014
   8.8817841970012523E-015   9.4944144898580267E-015
   3.5527136788005009E-015   3.1581062936535638E-015
   1.8074430840897548E-013   1.8135360613783654E-013
   9.0083496218085202E-013   9.0225366548344257E-013
   1.5720758028692217E-013   1.2458195199602024E-013
   3.5527136788005009E-015   2.5631020570740516E-015
   4.9737991503207013E-014   4.8771136986721862E-014
   3.1974423109204508E-014   3.1039034365851325E-014
   3.5527136788005009E-015   1.5400846662628962E-015
