   5.5511151231257827E-017   5.5511151231257827E-017   5.9240038111348486E-017
   1.1102230246251565E-016   1.1102230246251565E-016   1.1325537640013915E-016
   2.7755575615628914E-017   2.7755575615628914E-017   2.3437673758515404E-017
   6.7723604502134549E-015   6.7723604502134549E-015   6.7724053030645369E-015
   8.3266726846886741E-017   5.5511151231257827E-017   6.3414124709117144E-017
   2.7755575615628914E-017   2.7755575615628914E-017   3.2007483381938830E-017
   1.3045120539345589E-015   1.3045120539345589E-015   1.2954754143200547E-015
   1.3877787807814457E-016   1.5265566588595902E-016   1.5144038804481284E-016
   6.8001160258290838E-016   6.9388939039072284E-016   6.8895558753332322E-016
   8.3266726846886741E-017   8.3266726846886741E-017   8.1222757389837227E-017
   3.1918911957973251E-016   3.3306690738754696E-016   3.3165286864888480E-016
   5.4262150328554526E-015   5.4123372450476381E-015   5.4134430622550205E-015
   4.1633363423443370E-017   4.1633363423443370E-017   3.9241871330112122E-017
   2.5188184871183239E-014   2.5202062658991053E-014   2.5200914085392564E-014
   3.3306690738754696E-016   3.4694469519536142E-016   3.4693173806125524E-016
   9.1593399531575415E-016   8.8817841970012523E-016   8.9408962844544483E-016
   2.7755575615628914E-017   2.7755575615628914E-017   1.8326740150541715E-017
   1.3877787807814457E-016   1.3877787807814457E-016   1.4149364609267749E-016
   5.5511151231257827E-017   2.7755575615628914E-017   3.6074693153316488E-017
   5.8286708792820718E-016   5.8286708792820718E-016   5.8033280898700339E-016
   2.7755575615628914E-017   2.7755575615628914E-017   1.7894190976285265E-017
   3.8857805861880479E-016   4.1633363423443370E-016   4.2445715013186966E-016
   2.7755575615628914E-017   2.7755575615628914E-017   3.2723044570111888E-017
   4.3021142204224816E-015   4.2743586448068527E-015   4.2867782910581056E-015
   8.3266726846886741E-017   8.3266726846886741E-017   8.4640498855486926E-017
   1.1102230246251565E-016   1.1102230246251565E-016   1.0198908283384899E-016
   6.5225602696727947E-016   6.3837823915946501E-016   6.3989029521935301E-016
   1.9428902930940239E-016   1.9428902930940239E-016   1.9595805631677058E-016
   1.4294121442048890E-015   1.4294121442048890E-015   1.4249081763862990E-015
   1.3877787807814457E-017   1.3877787807814457E-017   1.9287227719001138E-017
   4.1633363423443370E-016   4.1633363423443370E-016   4.1993771535897371E-016
   3.3723024372989130E-015   3.3584246494910985E-015   3.3518400445669892E-015
   1.4294121442048890E-015   1.4155343563970746E-015   1.4174767243668503E-015
   2.5757174171303632E-014   2.5771051959111446E-014   2.5775419382128876E-014
   1.0269562977782698E-015   1.0269562977782698E-015   1.0383074693097577E-015
   5.8286708792820718E-016   5.8286708792820718E-016   5.9348121927138816E-016
   2.2204460492503131E-016   2.2204460492503131E-016   2.1555522446430933E-016
   7.5217609918354356E-015   7.4940054162198066E-015   7.4963998195867482E-015
   2.7755575615628914E-017   5.5511151231257827E-017   4.4949015132327541E-017
   2.6090241078691179E-015   2.5535129566378600E-015   2.5580951536395234E-015
   1.1102230246251565E-016   1.1102230246251565E-016   1.1172291169666013E-016
   2.7755575615628914E-016   2.6367796834847468E-016   2.6838549603928449E-016
   2.6367796834847468E-016   2.7755575615628914E-016   2.7466395899209262E-016
   2.6367796834847468E-016   2.4980018054066022E-016   2.5159895362201691E-016
   2.7339241981394480E-015   2.7478019859472624E-015   2.7446575328896665E-015
   5.4123372450476381E-016   5.2735593669694936E-016   5.2886330602092936E-016
   2.7755575615628914E-017   2.7755575615628914E-017   3.0135083759683143E-017
   1.0963452368173421E-015   1.0963452368173421E-015   1.0988789476963035E-015
   1.3877787807814457E-017   1.3877787807814457E-017   9.7999241490380367E-018
   8.3266726846886741E-017   9.7144514654701197E-017   9.8124201811518046E-017
   4.1772141301521515E-015   4.1633363423443370E-015   4.1694943630996663E-015
   2.7755575615628914E-017   2.7755575615628914E-017   2.9726225358495768E-017
   2.4980018054066022E-016   2.7755575615628914E-016   2.7243358559425466E-016
   1.7208456881689926E-015   1.7486012637846216E-015   1.7414743332544424E-015
   5.5511151231257827E-017   5.5511151231257827E-017   5.7913420385195715E-017
   2.7755575615628914E-017   2.7755575615628914E-017   1.5311470844358875E-017
   1.6653345369377348E-016   1.6653345369377348E-016   1.5447027988954130E-016
   2.7755575615628914E-017   2.7755575615628914E-017   2.2344231006812813E-017
   7.1886940844478886E-015   7.1886940844478886E-015   7.1879736507411025E-015
   5.5511151231257827E-017   5.5511151231257827E-017   6.0862658380971688E-017
   2.7755575615628914E-017   2.7755575615628914E-017   2.6700804682204461E-017
   1.4155343563970746E-015   1.4155343563970746E-015   1.4163977578538500E-015
   1.5265566588595902E-016   1.5265566588595902E-016   1.4601708420359683E-016
   6.1062266354383610E-016   6.2450045135165055E-016   6.1860296996184762E-016
   9.7144514654701197E-017   9.7144514654701197E-017   9.6067089049920918E-017
   3.1918911957973251E-016   3.1918911957973251E-016   3.2080559474979934E-016
   4.9960036108132044E-015   4.9960036108132044E-015   4.9994750183318848E-015
   9.7144514654701197E-017   9.7144514654701197E-017   9.7824574820992553E-017
   2.5132673719951981E-014   2.5132673719951981E-014   2.5127811730095128E-014
   2.4980018054066022E-016   2.4980018054066022E-016   2.5338526177767978E-016
   1.3877787807814457E-017   1.3877787807814457E-017   1.5506857036919599E-017
   5.8286708792820718E-016   6.1062266354383610E-016   6.0045744575300133E-016
   1.1102230246251565E-016   1.1102230246251565E-016   1.1113243898222073E-016
   5.5511151231257827E-017   5.5511151231257827E-017   4.8149635276348663E-017
   8.3266726846886741E-016   8.3266726846886741E-016   8.2592611046802694E-016
   2.7755575615628914E-017   2.7755575615628914E-017   2.5130781513274345E-017
   2.4980018054066022E-016   2.4980018054066022E-016   2.4091801161442168E-016
   2.7755575615628914E-017   2.7755575615628914E-017   3.1272436882453675E-017
   4.5796699765787707E-015   4.5796699765787707E-015   4.5827421627916687E-015
   5.5511151231257827E-017   8.3266726846886741E-017   8.1369122217721435E-017
   8.3266726846886741E-017   8.3266726846886741E-017   8.7976122435428811E-017
   7.2164496600635175E-016   7.0776717819853729E-016   7.1096148271511374E-016
   1.8041124150158794E-016   1.9428902930940239E-016   1.8915812918403592E-016
   1.3045120539345589E-015   1.2906342661267445E-015   1.2941062321289093E-015
   2.7755575615628914E-017   2.7755575615628914E-017   2.4252355053821121E-017
   4.1633363423443370E-016   4.0245584642661925E-016   4.0652895448952945E-016
   5.0237591864288333E-015   5.0237591864288333E-015   5.0183030034980299E-015
   1.0269562977782698E-015   1.0130785099704553E-015   1.0185559820727297E-015
   2.5687785232264559E-014   2.5687785232264559E-014   2.5690588406503294E-014
   1.3877787807814457E-017   1.3877787807814457E-017   1.9913137186167027E-017
   1.2212453270876722E-015   1.2212453270876722E-015   1.2244052616458143E-015
   4.9960036108132044E-016   4.9960036108132044E-016   4.9903392746475540E-016
   2.7755575615628914E-017   2.7755575615628914E-017   2.9337972111517381E-017
   1.6653345369377348E-016   1.6653345369377348E-016   1.6268971607814713E-016
   5.4678483962788960E-015   5.4678483962788960E-015   5.4726439064371395E-015
   5.5511151231257827E-017   5.5511151231257827E-017   4.3048454940953360E-017
   2.7478019859472624E-015   2.7478019859472624E-015   2.7594793838142156E-015
   1.1102230246251565E-016   1.1102230246251565E-016   1.0756262512636190E-016
   2.4980018054066022E-016   2.3592239273284576E-016   2.3673754283401764E-016
   3.1918911957973251E-016   3.0531133177191805E-016   3.1213420659820221E-016
   2.3592239273284576E-016   2.4980018054066022E-016   2.4311800053591296E-016
   2.5118795932144167E-015   2.5118795932144167E-015   2.5148661441475345E-015
   5.1347814888913490E-016   5.1347814888913490E-016   5.1234033860032863E-016
   8.3266726846886741E-017   8.3266726846886741E-017   8.1100575851687066E-017
   5.4123372450476381E-016   5.4123372450476381E-016   5.4141221844794393E-016
   1.3877787807814457E-016   1.5265566588595902E-016   1.5536820246180057E-016
   6.5503158452884236E-015   6.5503158452884236E-015   6.5491285320756913E-015
   5.5511151231257827E-017   2.7755575615628914E-017   3.1468860295565515E-017
   3.3306690738754696E-016   3.3306690738754696E-016   3.3427213247339716E-016
   1.5265566588595902E-015   1.5265566588595902E-015   1.5226649288489524E-015
   5.5511151231257827E-017   2.7755575615628914E-017   4.1445665809593413E-017
   1.9428902930940239E-016   1.9428902930940239E-016   2.0681209402476750E-016
   2.7755575615628914E-017   2.7755575615628914E-017   2.1294038374515515E-017
   7.6327832942979512E-015   7.6327832942979512E-015   7.6222681728111992E-015
   5.5511151231257827E-017   5.5511151231257827E-017   5.8399537922294247E-017
   2.7755575615628914E-017   2.7755575615628914E-017   2.2140427011310617E-017
   1.5265566588595902E-015   1.5543122344752192E-015   1.5457067783943902E-015
   1.3877787807814457E-016   1.3877787807814457E-016   1.4076399892732433E-016
   5.5511151231257827E-016   5.5511151231257827E-016   5.5440656081518460E-016
   1.1102230246251565E-016   1.1102230246251565E-016   1.1293420743423099E-016
   3.0531133177191805E-016   3.0531133177191805E-016   3.1027612599609214E-016
   4.6074255521943996E-015   4.6074255521943996E-015   4.6131912896425499E-015
   2.0816681711721685E-016   2.0816681711721685E-016   2.1139336469428409E-016
   2.1371793224034263E-014   2.1385671011842078E-014   2.1381218908769222E-014
   1.8041124150158794E-016   1.8041124150158794E-016   1.8084063376152790E-016
   4.1633363423443370E-017   5.5511151231257827E-017   5.4156022708108671E-017
   4.1633363423443370E-016   3.8857805861880479E-016   3.8912127605306020E-016
   8.3266726846886741E-017   8.3266726846886741E-017   8.6098598962132687E-017
   8.3266726846886741E-017   5.5511151231257827E-017   6.3363642924190248E-017
   1.1379786002407855E-015   1.1379786002407855E-015   1.1492725592607267E-015
   5.5511151231257827E-017   2.7755575615628914E-017   3.5715778576812386E-017
   1.1102230246251565E-016   1.3877787807814457E-016   1.2732173653600724E-016
   2.7755575615628914E-017   2.7755575615628914E-017   2.9876589916691853E-017
   4.9127368839663177E-015   4.8849813083506888E-015   4.8937713749766343E-015
   8.3266726846886741E-017   8.3266726846886741E-017   7.8207151297642158E-017
   5.5511151231257827E-017   8.3266726846886741E-017   7.5598406612514782E-017
   7.9103390504542404E-016   7.9103390504542404E-016   7.8791445483356406E-016
   1.8041124150158794E-016   1.8041124150158794E-016   1.8256636921359256E-016
   1.1657341758564144E-015   1.1796119636642288E-015   1.1736533766706006E-015
   2.7755575615628914E-017   2.7755575615628914E-017   3.0164153733868575E-017
   3.8857805861880479E-016   3.8857805861880479E-016   3.9350670649051714E-016
   7.2858385991025898E-015   7.2858385991025898E-015   7.2847333855434358E-015
   5.1347814888913490E-016   5.1347814888913490E-016   5.1362533711994129E-016
   2.5604518505417673E-014   2.5604518505417673E-014   2.5607364395703758E-014
   6.9388939039072284E-017   6.9388939039072284E-017   6.9447909876597656E-017
   1.4710455076283324E-015   1.4432899320127035E-015   1.4378355650678688E-015
   4.1633363423443370E-016   4.1633363423443370E-016   4.1661669203301427E-016
   5.5511151231257827E-017   5.5511151231257827E-017   5.4282615780817391E-017
   1.3877787807814457E-016   1.1102230246251565E-016   1.2080055088778240E-016
   3.9135361618036768E-015   3.9135361618036768E-015   3.9138175126175673E-015
   2.7755575615628914E-017   2.7755575615628914E-017   4.1216652343762850E-017
   2.9698465908722937E-015   2.9698465908722937E-015   2.9725970144899347E-015
   1.1102230246251565E-016   1.1102230246251565E-016   1.0353716507131159E-016
   2.2204460492503131E-016   2.0816681711721685E-016   2.0827005700882763E-016
   3.4694469519536142E-016   3.4694469519536142E-016   3.5341962904304496E-016
   2.3592239273284576E-016   2.3592239273284576E-016   2.3489100148286654E-016
   2.3037127760971998E-015   2.3037127760971998E-015   2.3017646610495184E-015
   4.8572257327350599E-016   4.9960036108132044E-016   4.9628721039151919E-016
   1.8041124150158794E-016   1.8041124150158794E-016   1.8495024176590432E-016
   2.3592239273284576E-016   2.3592239273284576E-016   2.3673370451748433E-016
   2.2204460492503131E-016   2.3592239273284576E-016   2.3722833971143824E-016
   9.9226182825873366E-015   9.9226182825873366E-015   9.9190911653010915E-015
   2.7755575615628914E-017   2.7755575615628914E-017   3.3300131785690673E-017
   4.1633363423443370E-016   4.1633363423443370E-016   4.0737249052022694E-016
   1.3322676295501878E-015   1.3322676295501878E-015   1.3255115304874802E-015
   2.7755575615628914E-017   2.7755575615628914E-017   2.8941386478563294E-017
   2.2204460492503131E-016   2.2204460492503131E-016   2.1962101810905364E-016
   8.0768725041480138E-015   8.0768725041480138E-015   8.0758213899671204E-015
   5.5511151231257827E-017   5.5511151231257827E-017   5.6022140221812161E-017
   2.7755575615628914E-017   2.7755575615628914E-017   1.8240784346227280E-017
   1.6930901125533637E-015   1.6930901125533637E-015   1.6837834537176319E-015
   1.2490009027033011E-016   1.3877787807814457E-016   1.3567640039546684E-016
   4.8572257327350599E-016   4.9960036108132044E-016   4.9591483962253245E-016
   1.3877787807814457E-016   1.3877787807814457E-016   1.3201024363167674E-016
   2.9143354396410359E-016   3.0531133177191805E-016   3.0005591426326356E-016
   4.2604808569990382E-015   4.2466030691912238E-015   4.2529823176776285E-015
   4.0245584642661925E-016   4.1633363423443370E-016   4.1154041558576980E-016
   1.4738210651898953E-014   1.4738210651898953E-014   1.4735465726201126E-014
   1.2490009027033011E-016   1.2490009027033011E-016   1.2567905186623839E-016
   1.3877787807814457E-016   1.5265566588595902E-016   1.4747244726952424E-016
   2.4980018054066022E-016   2.4980018054066022E-016   2.4164993726123572E-016
   2.7755575615628914E-017   2.7755575615628914E-017   2.1954416386849409E-017
   5.5511151231257827E-017   5.5511151231257827E-017   6.5693203767012146E-017
   1.1102230246251565E-016   8.3266726846886741E-017   8.2329476711271297E-017
   1.5820678100908481E-015   1.5543122344752192E-015   1.5678957643375912E-015
   5.5511151231257827E-017   5.5511151231257827E-017   4.9624475391273482E-017
   5.5511151231257827E-017   5.5511151231257827E-017   6.1362435521352150E-017
   2.7755575615628914E-017   2.7755575615628914E-017   2.8533765742973463E-017
   5.2180482157382357E-015   5.2180482157382357E-015   5.2203556847746243E-015
   5.5511151231257827E-017   8.3266726846886741E-017   7.5151417396397778E-017
   8.3266726846886741E-017   5.5511151231257827E-017   6.4699285153716772E-017
   8.8817841970012523E-016   8.7430063189231078E-016   8.7107162745033102E-016
   1.6653345369377348E-016   1.8041124150158794E-016   1.7617706941460752E-016
   1.0547118733938987E-015   1.0685896612017132E-015   1.0628556014373358E-015
   2.7755575615628914E-017   4.1633363423443370E-017   3.7144860997500130E-017
   3.7470027081099033E-016   3.7470027081099033E-016   3.8086061932456268E-016
   7.4940054162198066E-015   7.4940054162198066E-015   7.4932705179536517E-015
   2.2204460492503131E-016   2.3592239273284576E-016   2.3176459753402486E-016
   2.5521251778570786E-014   2.5521251778570786E-014   2.5525753949514414E-014
   1.8041124150158794E-016   1.9428902930940239E-016   1.8894689841321685E-016
   1.6930901125533637E-015   1.6930901125533637E-015   1.6818344687297146E-015
   3.3306690738754696E-016   3.3306690738754696E-016   3.4512178870572262E-016
   1.1102230246251565E-016   8.3266726846886741E-017   9.3992857511960959E-017
   1.1102230246251565E-016   8.3266726846886741E-017   8.8063822810062097E-017
   2.7478019859472624E-015   2.7478019859472624E-015   2.7339605743739318E-015
   5.5511151231257827E-017   2.7755575615628914E-017   3.9451497171697502E-017
   3.1918911957973251E-015   3.1918911957973251E-015   3.1978898781443850E-015
   1.1102230246251565E-016   1.1102230246251565E-016   9.9642708362579546E-017
   1.8041124150158794E-016   1.8041124150158794E-016   1.8271827705972769E-016
   4.1633363423443370E-016   4.0245584642661925E-016   3.9878016454538578E-016
   2.2204460492503131E-016   2.2204460492503131E-016   2.2691106826589068E-016
   2.0955459589799830E-015   2.1094237467877974E-015   2.1043136044383876E-015
   4.8572257327350599E-016   4.8572257327350599E-016   4.8069135262079076E-016
   3.7470027081099033E-016   3.7470027081099033E-016   3.7473336690048096E-016
   8.3266726846886741E-017   8.3266726846886741E-017   8.7552047086698541E-017
   3.4694469519536142E-016   3.4694469519536142E-016   3.5122405537132721E-016
   1.4571677198205180E-014   1.4571677198205180E-014   1.4566086753185875E-014
   2.7755575615628914E-017   2.7755575615628914E-017   3.5224006251037483E-017
   4.9960036108132044E-016   4.9960036108132044E-016   4.9333974680116093E-016
   1.1657341758564144E-015   1.1379786002407855E-015   1.1485063869959887E-015
   2.7755575615628914E-017   2.7755575615628914E-017   1.9643993167153595E-017
   2.7755575615628914E-017   5.5511151231257827E-017   5.1827637422355622E-017
   2.2204460492503131E-016   2.2204460492503131E-016   2.2062956488876655E-016
   8.5487172896137054E-015   8.5487172896137054E-015   8.5491713431418261E-015
   2.7755575615628914E-017   5.5511151231257827E-017   5.3727910466197086E-017
   2.7755575615628914E-017   2.7755575615628914E-017   1.4923885604967248E-017
   1.8318679906315083E-015   1.8318679906315083E-015   1.8310165320059843E-015
   1.3877787807814457E-016   1.2490009027033011E-016   1.3074967823082625E-016
   4.3021142204224816E-016   4.4408920985006262E-016   4.4270354466395292E-016
   1.5265566588595902E-016   1.5265566588595902E-016   1.5349036845466035E-016
   2.9143354396410359E-016   2.9143354396410359E-016   2.9013663493657295E-016
   3.9135361618036768E-015   3.9135361618036768E-015   3.9173205210805385E-015
   5.9674487573602164E-016   5.9674487573602164E-016   6.0365251200142068E-016
   9.8393515557404498E-015   9.8393515557404498E-015   9.8450444873039033E-015
   9.7144514654701197E-017   8.3266726846886741E-017   8.4680062705628123E-017
   1.3877787807814457E-017   1.3877787807814457E-017   7.7480572798754298E-018
   3.4694469519536142E-016   3.4694469519536142E-016   3.4026268334265130E-016
   1.3877787807814457E-016   1.3877787807814457E-016   1.4250117879902271E-016
   2.7755575615628914E-017   2.7755575615628914E-017   2.3294380416957579E-017
   5.5511151231257827E-017   5.5511151231257827E-017   4.9272870943509109E-017
   1.1102230246251565E-016   1.1102230246251565E-016   1.0574593506178160E-016
   2.1094237467877974E-015   2.1094237467877974E-015   2.1019002529803240E-015
   5.5511151231257827E-017   5.5511151231257827E-017   6.7594827158483796E-017
   2.7755575615628914E-017   2.7755575615628914E-017   1.7360095089168666E-017
   2.7755575615628914E-017   2.7755575615628914E-017   3.5871837256358257E-017
   5.5511151231257827E-017   2.7755575615628914E-017   2.6134179692451804E-017
   2.7755575615628914E-017   2.7755575615628914E-017   2.7242273150037567E-017
   5.5788706987414116E-015   5.5511151231257827E-015   5.5629910965353409E-015
   8.3266726846886741E-017   8.3266726846886741E-017   7.2198833682739804E-017
   2.7755575615628914E-017   5.5511151231257827E-017   5.5133924676237400E-017
   9.4368957093138306E-016   9.5756735873919752E-016   9.6076381268778317E-016
   1.8041124150158794E-016   1.6653345369377348E-016   1.6998466969951083E-016
   9.5756735873919752E-016   9.5756735873919752E-016   9.6105799657465496E-016
   4.1633363423443370E-017   4.1633363423443370E-017   4.5325375466966899E-017
   3.6082248300317588E-016   3.7470027081099033E-016   3.6858061425914064E-016
   6.9388939039072284E-015   6.9388939039072284E-015   6.9435049021094283E-015
   8.3266726846886741E-017   8.3266726846886741E-017   8.9667204069639804E-017
   2.5437985051723899E-014   2.5451862839531714E-014   2.5445764025858662E-014
   4.4408920985006262E-016   4.3021142204224816E-016   4.3569133726277192E-016
   1.9428902930940239E-015   1.9706458687096529E-015   1.9599450432043561E-015
   2.7755575615628914E-017   2.7755575615628914E-017   1.5041120243274213E-017
   2.4980018054066022E-016   2.7755575615628914E-016   2.8349841489601074E-016
   1.6653345369377348E-016   1.6653345369377348E-016   1.5430828792411859E-016
   5.5511151231257827E-017   5.5511151231257827E-017   6.2875413794116736E-017
   1.8596235662471372E-015   1.8596235662471372E-015   1.8587030394017167E-015
   5.5511151231257827E-017   2.7755575615628914E-017   3.7750935008494868E-017
   3.4416913763379853E-015   3.4416913763379853E-015   3.4358067766848877E-015
   8.3266726846886741E-017   8.3266726846886741E-017   9.5875530121962304E-017
   1.6653345369377348E-016   1.6653345369377348E-016   1.5983515936908816E-016
   4.4408920985006262E-016   4.4408920985006262E-016   4.4848461508352420E-016
   2.2204460492503131E-016   2.2204460492503131E-016   2.1917149086587956E-016
   1.9290125052862095E-015   1.9151347174783950E-015   1.9215289790406699E-015
   1.3877787807814457E-017   1.3877787807814457E-017   8.4945475403430597E-018
   4.5796699765787707E-016   4.7184478546569153E-016   4.6554053448512328E-016
   6.8001160258290838E-016   6.9388939039072284E-016   6.9480433655799060E-016
   2.7755575615628914E-017   2.7755575615628914E-017   2.5164915831247867E-017
   4.9960036108132044E-016   4.9960036108132044E-016   5.0641266245015335E-016
   2.0830559499529500E-014   2.0830559499529500E-014   2.0829817537613241E-014
   2.7755575615628914E-017   2.7755575615628914E-017   3.7244613579341120E-017
   6.1062266354383610E-016   5.8286708792820718E-016   5.9395406551122602E-016
   9.9920072216264089E-016   9.9920072216264089E-016   9.9019589756884759E-016
   2.7755575615628914E-017   5.5511151231257827E-017   4.4439540898122409E-017
   2.2204460492503131E-016   2.2204460492503131E-016   2.2164545325738621E-016
   9.0483176506950258E-015   9.0483176506950258E-015   9.0428615400574473E-015
   5.5511151231257827E-017   5.5511151231257827E-017   5.1514360482933049E-017
   1.9984014443252818E-015   1.9984014443252818E-015   1.9878024375175187E-015
   1.1102230246251565E-016   1.3877787807814457E-016   1.2597934042598134E-016
   3.8857805861880479E-016   3.8857805861880479E-016   3.9437431139902618E-016
   1.8041124150158794E-016   1.8041124150158794E-016   1.7757879945655285E-016
   2.7755575615628914E-016   2.7755575615628914E-016   2.8051018044652891E-016
   3.5943470422239443E-015   3.6082248300317588E-015   3.6047565126609237E-015
   5.8286708792820718E-016   5.8286708792820718E-016   5.8501200233911621E-016
   6.3560268159790212E-015   6.3421490281712067E-015   6.3413625371302681E-015
   5.5511151231257827E-017   5.5511151231257827E-017   5.5009782086174411E-017
   2.7755575615628914E-017   1.3877787807814457E-017   1.6005645784546747E-017
   7.0776717819853729E-016   6.9388939039072284E-016   6.9747873572560992E-016
   8.3266726846886741E-017   8.3266726846886741E-017   7.8809772772060916E-017
   2.7755575615628914E-017   2.7755575615628914E-017   2.4704757686820011E-017
   2.7755575615628914E-017   2.7755575615628914E-017   3.6249045388004506E-017
   1.6653345369377348E-016   1.3877787807814457E-016   1.3440622918095717E-016
   2.6090241078691179E-015   2.6090241078691179E-015   2.6051246546882954E-015
   2.7755575615628914E-017   2.7755575615628914E-017   3.0138239522751618E-017
   2.7755575615628914E-017   2.7755575615628914E-017   2.6364817539659449E-017
   5.5511151231257827E-017   5.5511151231257827E-017   5.2943118751556567E-017
   2.7755575615628914E-017   2.7755575615628914E-017   2.6000466473409368E-017
   5.9119376061289586E-015   5.9119376061289586E-015   5.9221797608172390E-015
   8.3266726846886741E-017   5.5511151231257827E-017   6.9346393057501305E-017
   5.5511151231257827E-017   5.5511151231257827E-017   4.6768631846805476E-017
   1.0547118733938987E-015   1.0547118733938987E-015   1.0573301389420929E-015
   1.6653345369377348E-016   1.6653345369377348E-016   1.6398375282948410E-016
   8.6042284408449632E-016   8.7430063189231078E-016   8.6764286781175991E-016
   5.5511151231257827E-017   5.5511151231257827E-017   5.4845350068201807E-017
   3.4694469519536142E-016   3.6082248300317588E-016   3.5665687779809139E-016
   6.4392935428259079E-015   6.4254157550180935E-015   6.4291680088070552E-015
   1.3877787807814457E-017   2.7755575615628914E-017   2.7640762973891924E-017
   2.5354718324877012E-014   2.5368596112684827E-014   2.5367401952655826E-014
   6.3837823915946501E-016   6.5225602696727947E-016   6.4679833190069239E-016
   1.9428902930940239E-015   1.9428902930940239E-015   1.9394968256387350E-015
   2.2204460492503131E-016   2.2204460492503131E-016   2.3075281270697673E-016
   2.7755575615628914E-017   2.7755575615628914E-017   1.8041059085215373E-017
   2.2204460492503131E-016   2.4980018054066022E-016   2.4248365529362461E-016
   5.5511151231257827E-017   5.5511151231257827E-017   4.3835434132184278E-017
   1.2490009027033011E-015   1.2212453270876722E-015   1.2243439281217650E-015
   2.7755575615628914E-017   2.7755575615628914E-017   3.6112965803025783E-017
   3.6914915568786455E-015   3.6914915568786455E-015   3.6868033807350449E-015
   8.3266726846886741E-017   8.3266726846886741E-017   9.2232001211500118E-017
   1.6653345369377348E-016   1.3877787807814457E-016   1.3939043842281395E-016
   4.9960036108132044E-016   4.9960036108132044E-016   5.0281059496923775E-016
   2.0816681711721685E-016   2.0816681711721685E-016   2.1166573254039429E-016
   1.7486012637846216E-015   1.7486012637846216E-015   1.7524796662009755E-015
   1.3877787807814457E-017   1.3877787807814457E-017   1.1154037278486743E-017
   4.5796699765787707E-016   4.4408920985006262E-016   4.5082285096817893E-016
   1.2073675392798577E-015   1.2073675392798577E-015   1.2023485736970333E-015
   7.2164496600635175E-016   7.0776717819853729E-016   7.1358276821315683E-016
   2.5951463200613034E-014   2.5965340988420849E-014   2.5967504833725852E-014
   2.7755575615628914E-017   2.7755575615628914E-017   3.0293608794527154E-017
   6.9388939039072284E-016   7.2164496600635175E-016   7.1118537264666519E-016
   8.6042284408449632E-016   8.6042284408449632E-016   8.4918115062364495E-016
   2.7755575615628914E-017   2.7755575615628914E-017   3.1287439675115707E-017
   1.9428902930940239E-016   2.2204460492503131E-016   2.2266870788826724E-016
   9.5479180117763462E-015   9.5479180117763462E-015   9.5574408284000441E-015
   5.5511151231257827E-017   5.5511151231257827E-017   4.9379067062407857E-017
   2.1371793224034263E-015   2.1649348980190553E-015   2.1545451747623923E-015
   1.3877787807814457E-016   1.1102230246251565E-016   1.2136101021685530E-016
   3.6082248300317588E-016   3.4694469519536142E-016   3.5055337113619269E-016
   2.0816681711721685E-016   2.0816681711721685E-016   2.0448879875123675E-016
   2.6367796834847468E-016   2.7755575615628914E-016   2.7116865416593813E-016
   3.3167912860676552E-015   3.3167912860676552E-015   3.3139154821911922E-015
   5.6898930012039273E-016   5.6898930012039273E-016   5.6689798768014287E-016
   3.8996583739958623E-015   3.9135361618036768E-015   3.9096379295813442E-015
   4.1633363423443370E-017   2.7755575615628914E-017   3.4207201294232593E-017
   2.7755575615628914E-017   2.7755575615628914E-017   3.0258016479975126E-017
   1.3183898417423734E-015   1.3045120539345589E-015   1.3082960973943259E-015
   2.7755575615628914E-017   2.7755575615628914E-017   4.0165813942516459E-017
   2.7755575615628914E-017   2.7755575615628914E-017   2.6188762974510981E-017
   2.7755575615628914E-017   2.7755575615628914E-017   2.6087121785481509E-017
   1.6653345369377348E-016   1.6653345369377348E-016   1.6920695531639239E-016
   2.3037127760971998E-015   2.3037127760971998E-015   2.3063163024720955E-015
   2.7755575615628914E-017   2.7755575615628914E-017   3.8745647495986524E-017
   8.3266726846886741E-017   8.3266726846886741E-017   7.5933207798627903E-017
   6.2727600891321345E-015   6.3005156647477634E-015   6.2984298758331429E-015
   5.5511151231257827E-017   5.5511151231257827E-017   6.6591166233647074E-017
   2.7755575615628914E-017   2.7755575615628914E-017   3.9480206913240996E-017
   1.1657341758564144E-015   1.1657341758564144E-015   1.1611179685415662E-015
   1.5265566588595902E-016   1.5265566588595902E-016   1.5816904081474416E-016
   7.9103390504542404E-016   7.7715611723760958E-016   7.8202793584231657E-016
   5.5511151231257827E-017   6.9388939039072284E-017   6.5853270477477282E-017
   3.3306690738754696E-016   3.4694469519536142E-016   3.4507985454629878E-016
   5.9396931817445875E-015   5.9535709695524019E-015   5.9482606349404450E-015
   1.3877787807814457E-017   1.3877787807814457E-017   9.9037112773735923E-018
   2.5285329385837940E-014   2.5285329385837940E-014   2.5290675437492404E-014
   4.8572257327350599E-016   4.8572257327350599E-016   4.9234701425620085E-016
   1.3877787807814457E-015   1.3877787807814457E-015   1.3846958408727014E-015
   2.7755575615628914E-017   2.7755575615628914E-017   1.7029971309220101E-017
   1.9428902930940239E-016   1.9428902930940239E-016   1.8594830636447496E-016
   3.6082248300317588E-016   3.6082248300317588E-016   3.6736153362948867E-016
   2.7755575615628914E-017   2.7755575615628914E-017   2.9732981165377927E-017
   8.0491169285323849E-016   7.7715611723760958E-016   7.7695080935008017E-016
   2.7755575615628914E-017   2.7755575615628914E-017   3.4535642563395480E-017
   3.9690473130349346E-015   3.9412917374193057E-015   3.9513421292872780E-015
   1.1102230246251565E-016   8.3266726846886741E-017   8.8708585856899923E-017
   1.3877787807814457E-016   1.1102230246251565E-016   1.2116972864645259E-016
   5.5511151231257827E-016   5.5511151231257827E-016   5.6204447449144311E-016
   2.0816681711721685E-016   2.0816681711721685E-016   2.0438742528368612E-016
   1.5959455978986625E-015   1.5959455978986625E-015   1.5962849316466934E-015
   1.3877787807814457E-017   1.3877787807814457E-017   1.4426047404364646E-017
   4.3021142204224816E-016   4.3021142204224816E-016   4.3652671412013962E-016
   1.9706458687096529E-015   1.9706458687096529E-015   1.9688588409742223E-015
   9.8532293435482643E-016   9.8532293435482643E-016   9.8546219447040675E-016
   2.5868196473766147E-014   2.5882074261573962E-014   2.5879163067410523E-014
   8.3266726846886741E-016   8.6042284408449632E-016   8.4720907782012694E-016
   7.4940054162198066E-016   7.2164496600635175E-016   7.2411842197762598E-016
   2.7755575615628914E-017   2.7755575615628914E-017   2.1466957065993782E-017
   2.4980018054066022E-016   2.2204460492503131E-016   2.2369935371082915E-016
   1.0130785099704553E-014   1.0103029524088925E-014   1.0093463310377018E-014
   5.5511151231257827E-017   5.5511151231257827E-017   4.7319670388585599E-017
   2.3314683517128287E-015   2.3314683517128287E-015   2.3316562319050249E-015
   1.1102230246251565E-016   1.1102230246251565E-016   1.1689042318557785E-016
   3.0531133177191805E-016   3.0531133177191805E-016   3.1089030696107838E-016
   2.3592239273284576E-016   2.3592239273284576E-016   2.3444266242368178E-016
   2.7755575615628914E-016   2.6367796834847468E-016   2.6210436478179670E-016
   3.0531133177191805E-015   3.0392355299113660E-015   3.0434937401343361E-015
   5.4123372450476381E-016   5.5511151231257827E-016   5.4929637708676777E-016
   2.2898349882893854E-015   2.2898349882893854E-015   2.2852663087825766E-015
   1.3877787807814457E-017   1.3877787807814457E-017   2.0168412361546233E-017
   5.5511151231257827E-017   5.5511151231257827E-017   5.3389431272028874E-017
   2.3037127760971998E-015   2.2898349882893854E-015   2.2903394705459787E-015
   2.7755575615628914E-017   2.7755575615628914E-017   2.7749743789014642E-017
   2.2204460492503131E-016   2.2204460492503131E-016   2.1115770532595901E-016
   2.0261570199409107E-015   2.0261570199409107E-015   2.0343425298098973E-015
   5.5511151231257827E-017   5.5511151231257827E-017   5.4035387278158500E-017
   5.5511151231257827E-017   5.5511151231257827E-017   5.5361928784484955E-017
   1.1102230246251565E-016   1.1102230246251565E-016   1.0624556479350347E-016
   2.7755575615628914E-017   2.7755575615628914E-017   2.3659549505351419E-017
   6.6613381477509392E-015   6.6890937233665682E-015   6.6922555889600758E-015
   5.5511151231257827E-017   5.5511151231257827E-017   6.3930299820892268E-017
   2.7755575615628914E-017   2.7755575615628914E-017   3.3155326364407668E-017
   1.2767564783189300E-015   1.2767564783189300E-015   1.2724828128720027E-015
   1.5265566588595902E-016   1.5265566588595902E-016   1.5253539132041935E-016
   7.0776717819853729E-016   7.0776717819853729E-016   7.0366461529775036E-016
   6.9388939039072284E-017   8.3266726846886741E-017   7.8506519976342558E-017
   3.4694469519536142E-016   3.3306690738754696E-016   3.3384024010202533E-016
   5.4956039718945249E-015   5.4956039718945249E-015   5.4988834943063720E-015
   2.7755575615628914E-017   2.7755575615628914E-017   3.2037072474608653E-017
   2.5215940446798868E-014   2.5215940446798868E-014   2.5215592578721654E-014
   3.6082248300317588E-016   3.7470027081099033E-016   3.6829911180576222E-016
   9.7144514654701197E-016   9.7144514654701197E-016   9.6384149669913897E-016
   2.7755575615628914E-017   2.7755575615628914E-017   1.8106621622099832E-017
   1.3877787807814457E-016   1.3877787807814457E-016   1.4820524566608081E-016
   2.7755575615628914E-017   2.7755575615628914E-017   3.4007356574758650E-017
   5.2735593669694936E-016   5.2735593669694936E-016   5.3955066471812535E-016
   2.7755575615628914E-017   2.7755575615628914E-017   1.5932924277312468E-017
   4.7184478546569153E-016   4.7184478546569153E-016   4.7147926244335166E-016
   2.7755575615628914E-017   2.7755575615628914E-017   3.3017070080288589E-017
   4.2466030691912238E-015   4.2188474935755949E-015   4.2298921294217991E-015
   1.1102230246251565E-016   8.3266726846886741E-017   8.5301839328120957E-017
   1.1102230246251565E-016   1.1102230246251565E-016   1.0497366617393841E-016
   6.2450045135165055E-016   6.2450045135165055E-016   6.2648131896583908E-016
   1.9428902930940239E-016   1.9428902930940239E-016   1.9733036540660381E-016
   1.4432899320127035E-015   1.4571677198205180E-015   1.4521120436227982E-015
   1.3877787807814457E-017   1.3877787807814457E-017   1.8405925057606768E-017
   4.1633363423443370E-016   4.1633363423443370E-016   4.2264084415216119E-016
   3.0808688933348094E-015   3.0808688933348094E-015   3.0815633830318793E-015
   1.3461454173580023E-015   1.3322676295501878E-015   1.3369414249655413E-015
   2.5784929746919261E-014   2.5798807534727075E-014   2.5792414976997586E-014
   9.9920072216264089E-016   9.9920072216264089E-016   1.0044229063894496E-015
   6.1062266354383610E-016   6.1062266354383610E-016   6.1371962778714528E-016
   2.7755575615628914E-017   2.7755575615628914E-017   1.4294420739922683E-017
   2.2204460492503131E-016   2.2204460492503131E-016   2.2473741594887207E-016
   7.9658502016854982E-015   7.9658502016854982E-015   7.9608265663762107E-015
   2.7755575615628914E-017   5.5511151231257827E-017   4.5333872479925623E-017
   2.4980018054066022E-015   2.5257573810222311E-015   2.5195544831402755E-015
   1.1102230246251565E-016   1.1102230246251565E-016   1.1256342437806164E-016
   2.7755575615628914E-016   2.7755575615628914E-016   2.7505686465954908E-016
   2.6367796834847468E-016   2.6367796834847468E-016   2.6767170207011760E-016
   2.4980018054066022E-016   2.4980018054066022E-016   2.5330982070216130E-016
   2.8033131371785203E-015   2.7894353493707058E-015   2.7922554156602322E-015
   5.4123372450476381E-016   5.2735593669694936E-016   5.3219345966699691E-016
   2.7755575615628914E-017   2.7755575615628914E-017   2.4135158490292626E-017
   1.2628786905111156E-015   1.2490009027033011E-015   1.2500287489701927E-015
   1.3877787807814457E-017   1.3877787807814457E-017   1.1128572197912506E-017
   8.3266726846886741E-017   8.3266726846886741E-017   8.9147682344836399E-017
   3.8025138593411612E-015   3.7886360715333467E-015   3.7940612418697650E-015
   1.3877787807814457E-017   1.3877787807814457E-017   7.2553193300394380E-018
   2.7755575615628914E-017   2.7755575615628914E-017   2.9391185765827286E-017
   2.7755575615628914E-016   2.4980018054066022E-016   2.6139135979262330E-016
   1.7763568394002505E-015   1.7763568394002505E-015   1.7875264171423888E-015
   5.5511151231257827E-017   5.5511151231257827E-017   6.1719305472704076E-017
   2.7755575615628914E-017   2.7755575615628914E-017   2.0784462033494725E-017
   1.6653345369377348E-016   1.3877787807814457E-016   1.4548371028482143E-016
   7.0499162063697440E-015   7.1054273576010019E-015   7.1041768975519737E-015
   8.3266726846886741E-017   5.5511151231257827E-017   6.1361014396111954E-017
   2.7755575615628914E-017   2.7755575615628914E-017   2.7689953456905105E-017
   1.3877787807814457E-015   1.3877787807814457E-015   1.3917882450286075E-015
   1.3877787807814457E-016   1.5265566588595902E-016   1.4707779403399399E-016
   6.3837823915946501E-016   6.3837823915946501E-016   6.3203636970243356E-016
   9.7144514654701197E-017   9.7144514654701197E-017   9.2971431743553363E-017
   3.1918911957973251E-016   3.1918911957973251E-016   3.2292897336152726E-016
   5.0792703376600912E-015   5.0792703376600912E-015   5.0792326327463599E-015
   8.3266726846886741E-017   8.3266726846886741E-017   8.2693033890074767E-017
   2.5146551507759796E-014   2.5146551507759796E-014   2.5142161877823031E-014
   2.6367796834847468E-016   2.6367796834847468E-016   2.7012725132956566E-016
   1.3877787807814457E-017   1.3877787807814457E-017   1.1611580282721756E-017
   6.3837823915946501E-016   6.3837823915946501E-016   6.5145336158342769E-016
   2.7755575615628914E-017   2.7755575615628914E-017   1.9241524892521688E-017
   1.3877787807814457E-016   1.1102230246251565E-016   1.1670084620818924E-016
   5.5511151231257827E-017   5.5511151231257827E-017   4.5526221976216869E-017
   7.7715611723760958E-016   7.7715611723760958E-016   7.7161015306484295E-016
   2.7755575615628914E-016   2.7755575615628914E-016   2.7091189520568434E-016
   2.7755575615628914E-017   2.7755575615628914E-017   3.1555403643097850E-017
   4.4964032497318840E-015   4.5241588253475129E-015   4.5229290552276957E-015
   5.5511151231257827E-017   8.3266726846886741E-017   8.2008405592450383E-017
   8.3266726846886741E-017   8.3266726846886741E-017   9.0617088854887193E-017
   6.8001160258290838E-016   6.9388939039072284E-016   6.9642482340107815E-016
   1.9428902930940239E-016   1.9428902930940239E-016   1.9048850905406435E-016
   1.3183898417423734E-015   1.3183898417423734E-015   1.3191739965329920E-015
   2.7755575615628914E-017   2.7755575615628914E-017   2.3197272903847080E-017
   4.0245584642661925E-016   4.0245584642661925E-016   4.0915426042772682E-016
   4.6629367034256575E-015   4.6490589156178430E-015   4.6448073384889246E-015
   1.1657341758564144E-015   1.1518563880485999E-015   1.1541530420942712E-015
   2.5701663020072374E-014   2.5701663020072374E-014   2.5707266405608112E-014
   1.3877787807814457E-017   1.3877787807814457E-017   1.4916605965611892E-017
   1.1657341758564144E-015   1.1934897514720433E-015   1.1854649208593995E-015
   5.2735593669694936E-016   5.2735593669694936E-016   5.1675272685033860E-016
   2.7755575615628914E-017   2.7755575615628914E-017   2.5729437894437994E-017
   1.6653345369377348E-016   1.6653345369377348E-016   1.7222892037014622E-016
   5.8286708792820718E-015   5.8286708792820718E-015   5.8336914568084069E-015
   2.7755575615628914E-017   5.5511151231257827E-017   4.3419435714357216E-017
   2.7200464103316335E-015   2.7200464103316335E-015   2.7186660907144646E-015
   1.1102230246251565E-016   1.1102230246251565E-016   1.0837596559894422E-016
   2.4980018054066022E-016   2.3592239273284576E-016   2.4274581606542471E-016
   2.9143354396410359E-016   3.0531133177191805E-016   3.0441621905674720E-016
   2.4980018054066022E-016   2.4980018054066022E-016   2.4477772483275697E-016
   2.5535129566378600E-015   2.5535129566378600E-015   2.5590293012294017E-015
   5.1347814888913490E-016   5.1347814888913490E-016   5.1557589394134712E-016
   6.9388939039072284E-017   6.9388939039072284E-017   6.7672209170895769E-017
   6.2450045135165055E-016   6.2450045135165055E-016   6.2813448698532426E-016
   1.3877787807814457E-016   1.3877787807814457E-016   1.4228640343039709E-016
   6.0090821207836598E-015   6.0090821207836598E-015   6.0072779714215301E-015
   2.7755575615628914E-017   2.7755575615628914E-017   3.1116718317432899E-017
   3.3306690738754696E-016   3.3306690738754696E-016   3.2117511098541853E-016
   1.5543122344752192E-015   1.5543122344752192E-015   1.5642432498113401E-015
   2.7755575615628914E-017   5.5511151231257827E-017   4.4367360672030699E-017
   1.9428902930940239E-016   1.9428902930940239E-016   1.9546299342321832E-016
   2.7755575615628914E-017   2.7755575615628914E-017   2.1498719819230031E-017
   7.5495165674510645E-015   7.5217609918354356E-015   7.5347195525346286E-015
   5.5511151231257827E-017   5.5511151231257827E-017   5.8880602745578708E-017
   2.7755575615628914E-017   2.7755575615628914E-017   2.2988775359263980E-017
   1.4988010832439613E-015   1.5265566588595902E-015   1.5194058108851216E-015
   1.3877787807814457E-016   1.3877787807814457E-016   1.4179136739763527E-016
   5.6898930012039273E-016   5.6898930012039273E-016   5.6665713862844388E-016
   9.7144514654701197E-017   1.1102230246251565E-016   1.0942332833989932E-016
   3.1918911957973251E-016   3.1918911957973251E-016   3.1233723209702083E-016
   4.6768144912334719E-015   4.6906922790412864E-015   4.6875950199332876E-015
   1.8041124150158794E-016   1.8041124150158794E-016   1.8315554141071144E-016
   2.2939983246317297E-014   2.2939983246317297E-014   2.2942085321411614E-014
   1.9428902930940239E-016   1.9428902930940239E-016   1.9372231602446225E-016
   5.5511151231257827E-017   4.1633363423443370E-017   4.3271742304158408E-017
   4.4408920985006262E-016   4.1633363423443370E-016   4.2537315969655634E-016
   2.7755575615628914E-017   2.7755575615628914E-017   2.0437392568650417E-017
   8.3266726846886741E-017   8.3266726846886741E-017   9.0668916277723148E-017
   5.5511151231257827E-017   5.5511151231257827E-017   6.0072283597160249E-017
   1.0824674490095276E-015   1.0824674490095276E-015   1.0782396983708419E-015
   2.7755575615628914E-017   2.7755575615628914E-017   3.3376497497237318E-017
   1.3877787807814457E-016   1.3877787807814457E-016   1.4541649288317350E-016
   2.7755575615628914E-017   2.7755575615628914E-017   3.0148847859776913E-017
   4.8294701571194310E-015   4.8294701571194310E-015   4.8309350482049246E-015
   8.3266726846886741E-017   8.3266726846886741E-017   7.8825015194570374E-017
   5.5511151231257827E-017   8.3266726846886741E-017   7.7928252708278961E-017
   7.7715611723760958E-016   7.7715611723760958E-016   7.7218724343971974E-016
   1.8041124150158794E-016   1.8041124150158794E-016   1.8385596819891058E-016
   1.2073675392798577E-015   1.1934897514720433E-015   1.1967273346453996E-015
   2.7755575615628914E-017   2.7755575615628914E-017   2.8912095047826969E-017
   4.0245584642661925E-016   4.0245584642661925E-016   3.9605627343254379E-016
   6.7723604502134549E-015   6.7862382380212694E-015   6.7813888026788491E-015
   5.8286708792820718E-016   5.9674487573602164E-016   5.9284164705446180E-016
   2.5618396293225487E-014   2.5618396293225487E-014   2.5623723533955957E-014
   5.5511151231257827E-017   5.5511151231257827E-017   5.5502694929122244E-017
   1.3877787807814457E-015   1.3877787807814457E-015   1.3932328155356668E-015
   4.4408920985006262E-016   4.4408920985006262E-016   4.3204206696266615E-016
   5.5511151231257827E-017   5.5511151231257827E-017   4.8330587766636292E-017
   1.1102230246251565E-016   1.3877787807814457E-016   1.2831740690991137E-016
   4.1910919179599659E-015   4.1910919179599659E-015   4.1899719534908154E-015
   2.7755575615628914E-017   2.7755575615628914E-017   4.1574181309774526E-017
   2.9420910152566648E-015   2.9420910152566648E-015   2.9294244054056490E-015
   1.1102230246251565E-016   1.1102230246251565E-016   1.0432410259807146E-016
   2.2204460492503131E-016   2.0816681711721685E-016   2.1366987283084403E-016
   3.4694469519536142E-016   3.4694469519536142E-016   3.4492547185249310E-016
   2.3592239273284576E-016   2.3592239273284576E-016   2.3650096912912440E-016
   2.3453461395206432E-015   2.3453461395206432E-015   2.3427058381156528E-015
   4.9960036108132044E-016   4.9960036108132044E-016   4.9943069738497825E-016
   1.6653345369377348E-016   1.5265566588595902E-016   1.5875161896800765E-016
   2.7755575615628914E-016   2.7755575615628914E-016   2.8209223968887672E-016
   2.2204460492503131E-016   2.2204460492503131E-016   2.1871826241579021E-016
   9.1732177409653559E-015   9.1593399531575415E-015   9.1598703361651801E-015
   2.7755575615628914E-017   2.7755575615628914E-017   3.2930120486948919E-017
   4.1633363423443370E-016   3.8857805861880479E-016   3.9192226623800271E-016
   1.3877787807814457E-015   1.3600232051658168E-015   1.3629211584052077E-015
   2.7755575615628914E-017   2.7755575615628914E-017   3.1141305406399948E-017
   2.2204460492503131E-016   2.2204460492503131E-016   2.1942208926384693E-016
   7.9936057773011271E-015   7.9936057773011271E-015   7.9844149662136899E-015
   2.7755575615628914E-017   5.5511151231257827E-017   5.6486428025490592E-017
   1.6930901125533637E-015   1.6653345369377348E-015   1.6557149377941543E-015
   1.2490009027033011E-016   1.3877787807814457E-016   1.3667135515577808E-016
   5.1347814888913490E-016   5.1347814888913490E-016   5.0706983451782396E-016
   1.2490009027033011E-016   1.2490009027033011E-016   1.2804655164676125E-016
   3.0531133177191805E-016   3.0531133177191805E-016   3.0205642327398563E-016
   4.3159920082302961E-015   4.3159920082302961E-015   4.3223443912256863E-015
   3.6082248300317588E-016   3.6082248300317588E-016   3.6318082873039125E-016
   1.5917822615563182E-014   1.5903944827755367E-014   1.5899926837927215E-014
   1.2490009027033011E-016   1.3877787807814457E-016   1.3538534652274310E-016
   1.2490009027033011E-016   1.2490009027033011E-016   1.2276891255433920E-016
   2.4980018054066022E-016   2.7755575615628914E-016   2.6657307389157317E-016
   8.3266726846886741E-017   8.3266726846886741E-017   6.9399459716211803E-017
   5.5511151231257827E-017   8.3266726846886741E-017   7.8242202218402345E-017
   1.4710455076283324E-015   1.4710455076283324E-015   1.4764760568583340E-015
   2.7755575615628914E-017   5.5511151231257827E-017   4.6571344391259547E-017
   5.5511151231257827E-017   8.3266726846886741E-017   7.1522895863233982E-017
   2.7755575615628914E-017   2.7755575615628914E-017   2.8795655414283950E-017
   5.1347814888913490E-015   5.1625370645069779E-015   5.1543986161696706E-015
   8.3266726846886741E-017   8.3266726846886741E-017   7.5748482983349548E-017
   8.3266726846886741E-017   5.5511151231257827E-017   6.6748083482222990E-017
   8.3266726846886741E-016   8.6042284408449632E-016   8.5408932243141827E-016
   1.8041124150158794E-016   1.8041124150158794E-016   1.7742700630878540E-016
   1.0963452368173421E-015   1.0824674490095276E-015   1.0840700726627677E-015
   2.7755575615628914E-017   4.1633363423443370E-017   3.5670925219970248E-017
   3.7470027081099033E-016   3.8857805861880479E-016   3.8333647611101235E-016
   7.6050277186823223E-015   7.6050277186823223E-015   7.6065673570670622E-015
   2.7755575615628914E-016   2.7755575615628914E-016   2.7421890831619897E-016
   2.5535129566378600E-014   2.5535129566378600E-014   2.5541792891385358E-014
   1.5265566588595902E-016   1.5265566588595902E-016   1.5731918180630405E-016
   1.6375789613221059E-015   1.6375789613221059E-015   1.6309045751826478E-015
   2.7755575615628914E-017   2.7755575615628914E-017   1.3948159775751388E-017
   3.6082248300317588E-016   3.6082248300317588E-016   3.5846866883465062E-016
   8.3266726846886741E-017   8.3266726846886741E-017   8.4693798577154495E-017
   8.3266726846886741E-017   8.3266726846886741E-017   9.3901698415500947E-017
   2.9420910152566648E-015   2.9420910152566648E-015   2.9413008525257036E-015
   2.7755575615628914E-017   2.7755575615628914E-017   3.9795987894147260E-017
   3.1641356201816961E-015   3.1641356201816961E-015   3.1522698671745312E-015
   1.1102230246251565E-016   1.1102230246251565E-016   1.0040399244747410E-016
   1.9428902930940239E-016   1.9428902930940239E-016   1.8756064814201353E-016
   4.0245584642661925E-016   3.8857805861880479E-016   3.8945763709256114E-016
   2.3592239273284576E-016   2.2204460492503131E-016   2.2847262954669968E-016
   2.1371793224034263E-015   2.1371793224034263E-015   2.1422342355700705E-015
   4.8572257327350599E-016   4.8572257327350599E-016   4.8374523411506766E-016
   3.3306690738754696E-016   3.3306690738754696E-016   3.2836858962994950E-016
   9.7144514654701197E-017   1.1102230246251565E-016   1.0840354491032223E-016
   3.1918911957973251E-016   3.1918911957973251E-016   3.2567980281226924E-016
   1.3530843112619095E-014   1.3530843112619095E-014   1.3528652188207429E-014
   2.7755575615628914E-017   2.7755575615628914E-017   3.4835327087860199E-017
   4.9960036108132044E-016   4.7184478546569153E-016   4.7520488632157968E-016
   1.1657341758564144E-015   1.1934897514720433E-015   1.1820417313958910E-015
   2.7755575615628914E-017   2.7755575615628914E-017   2.1263802933599235E-017
   5.5511151231257827E-017   2.7755575615628914E-017   4.0035699995400174E-017
   2.2204460492503131E-016   2.2204460492503131E-016   2.2042918453246651E-016
   8.4376949871511897E-015   8.4654505627668186E-015   8.4538000886647017E-015
   8.3266726846886741E-017   5.5511151231257827E-017   5.4175922026810107E-017
   1.8318679906315083E-015   1.8041124150158794E-015   1.8011028420495958E-015
   1.3877787807814457E-016   1.2490009027033011E-016   1.3171312312285783E-016
   4.4408920985006262E-016   4.5796699765787707E-016   4.5284490565729319E-016
   1.5265566588595902E-016   1.5265566588595902E-016   1.4903448079237591E-016
   3.0531133177191805E-016   2.9143354396410359E-016   2.9207817858033583E-016
   3.9968028886505635E-015   3.9829251008427491E-015   3.9819372306817461E-015
   6.1062266354383610E-016   6.1062266354383610E-016   6.0740902043349063E-016
   1.0699774399824946E-014   1.0685896612017132E-014   1.0692811505338624E-014
   9.7144514654701197E-017   9.7144514654701197E-017   9.1817852282731459E-017
   3.0531133177191805E-016   2.9143354396410359E-016   2.9139019231170763E-016
   1.6653345369377348E-016   1.6653345369377348E-016   1.5895507003163369E-016
   8.3266726846886741E-017   5.5511151231257827E-017   5.2238142965983786E-017
   8.3266726846886741E-017   1.1102230246251565E-016   1.0071708478923597E-016
   1.9984014443252818E-015   1.9984014443252818E-015   1.9858959295862943E-015
   8.3266726846886741E-017   5.5511151231257827E-017   6.3673531201994893E-017
   2.7755575615628914E-017   2.7755575615628914E-017   1.5910740200962102E-017
   5.5511151231257827E-017   2.7755575615628914E-017   3.3083520147288362E-017
   2.7755575615628914E-017   2.7755575615628914E-017   3.1318199249701673E-017
   2.7755575615628914E-017   2.7755575615628914E-017   2.7494125934895915E-017
   5.4956039718945249E-015   5.4956039718945249E-015   5.4938145339179747E-015
   5.5511151231257827E-017   8.3266726846886741E-017   7.2775706082248352E-017
   5.5511151231257827E-017   5.5511151231257827E-017   5.6929461564635797E-017
   9.5756735873919752E-016   9.4368957093138306E-016   9.4246021542493895E-016
   1.6653345369377348E-016   1.6653345369377348E-016   1.7119603452302396E-016
   9.7144514654701197E-016   9.8532293435482643E-016   9.8053970735128139E-016
   4.1633363423443370E-017   4.1633363423443370E-017   4.3602938323768663E-017
   3.8857805861880479E-016   3.7470027081099033E-016   3.7098473624329808E-016
   7.0499162063697440E-015   7.0499162063697440E-015   7.0495368615500710E-015
   1.1102230246251565E-016   1.1102230246251565E-016   1.0987193926282619E-016
   2.5479618415147343E-014   2.5465740627339528E-014   2.5461481363893557E-014
   3.7470027081099033E-016   3.7470027081099033E-016   3.7315141668733778E-016
   1.8873791418627661E-015   1.9151347174783950E-015   1.9019606014738589E-015
   2.7755575615628914E-016   3.0531133177191805E-016   2.9497044107282259E-016
   1.1102230246251565E-016   1.3877787807814457E-016   1.4039832142625253E-016
   8.3266726846886741E-017   5.5511151231257827E-017   6.7335381859692123E-017
   1.9984014443252818E-015   1.9984014443252818E-015   2.0110858686424907E-015
   5.5511151231257827E-017   2.7755575615628914E-017   3.8082790117062901E-017
   3.3584246494910985E-015   3.3861802251067274E-015   3.3876499052298005E-015
   8.3266726846886741E-017   8.3266726846886741E-017   9.6611891000490172E-017
   1.9428902930940239E-016   1.6653345369377348E-016   1.6416766438317671E-016
   4.4408920985006262E-016   4.4408920985006262E-016   4.3827976471913444E-016
   2.2204460492503131E-016   2.2204460492503131E-016   2.2068596115944686E-016
   1.9567680809018384E-015   1.9567680809018384E-015   1.9566197175373292E-015
   1.3877787807814457E-017   1.3877787807814457E-017   8.0326542802437192E-018
   4.7184478546569153E-016   4.7184478546569153E-016   4.6850720734340017E-016
   6.2450045135165055E-016   6.2450045135165055E-016   6.1851510535355201E-016
   2.7755575615628914E-017   2.7755575615628914E-017   3.3071295551952659E-017
   4.7184478546569153E-016   4.7184478546569153E-016   4.7190875697441278E-016
   1.9442780718748054E-014   1.9442780718748054E-014   1.9442414592151371E-014
   2.7755575615628914E-017   2.7755575615628914E-017   3.6836435074739418E-017
   5.8286708792820718E-016   5.8286708792820718E-016   5.7276731707326927E-016
   1.0269562977782698E-015   1.0269562977782698E-015   1.0201405965152089E-015
   2.7755575615628914E-017   2.7755575615628914E-017   1.4059665045411797E-017
   2.7755575615628914E-017   5.5511151231257827E-017   4.7507582594886758E-017
   2.2204460492503131E-016   2.2204460492503131E-016   2.2144361654410553E-016
   8.9095397726168812E-015   8.9372953482325102E-015   8.9434173572044720E-015
   2.7755575615628914E-017   5.5511151231257827E-017   5.1946583508991028E-017
   1.9151347174783950E-015   1.9428902930940239E-015   1.9559644348083119E-015
   1.3877787807814457E-016   1.3877787807814457E-016   1.2691215609108156E-016
   3.8857805861880479E-016   4.0245584642661925E-016   4.0357896237875842E-016
   1.8041124150158794E-016   1.6653345369377348E-016   1.7258954102159769E-016
   2.7755575615628914E-016   2.7755575615628914E-016   2.8239434793554149E-016
   3.6498581934552021E-015   3.6637359812630166E-015   3.6649089530216055E-015
   5.9674487573602164E-016   5.8286708792820718E-016   5.8866250351886881E-016
   6.9527716917150428E-015   6.9388939039072284E-015   6.9410687642651564E-015
   6.9388939039072284E-017   5.5511151231257827E-017   6.0110392517691483E-017
   1.3877787807814457E-017   1.3877787807814457E-017   1.3971560101541225E-017
   6.1062266354383610E-016   6.1062266354383610E-016   6.0977735495003365E-016
   1.1102230246251565E-016   8.3266726846886741E-017   8.9140882305536142E-017
   2.7755575615628914E-017   2.7755575615628914E-017   2.4419610532481925E-017
   5.5511151231257827E-017   2.7755575615628914E-017   3.8585613616943074E-017
   1.3877787807814457E-016   1.3877787807814457E-016   1.2827074573205912E-016
   2.6367796834847468E-015   2.6367796834847468E-015   2.6288254753125307E-015
   2.7755575615628914E-017   5.5511151231257827E-017   4.6603845734473444E-017
   2.7755575615628914E-017   2.7755575615628914E-017   2.4337852372939514E-017
   2.7755575615628914E-017   5.5511151231257827E-017   4.9132250847775427E-017
   2.7755575615628914E-017   2.7755575615628914E-017   2.6242604817210262E-017
   5.8841820305133297E-015   5.8564264548977008E-015   5.8496837421461893E-015
   8.3266726846886741E-017   8.3266726846886741E-017   6.9903661743731567E-017
   5.5511151231257827E-017   5.5511151231257827E-017   4.8336539020903587E-017
   1.0269562977782698E-015   1.0408340855860843E-015   1.0376374097597853E-015
   1.6653345369377348E-016   1.6653345369377348E-016   1.6515760757759667E-016
   8.8817841970012523E-016   8.8817841970012523E-016   8.8551131747265446E-016
   5.5511151231257827E-017   5.5511151231257827E-017   5.2846046336501860E-017
   3.4694469519536142E-016   3.6082248300317588E-016   3.5899118833120121E-016
   6.5364380574806091E-015   6.5225602696727947E-015   6.5283434123864976E-015
   4.1633363423443370E-017   4.1633363423443370E-017   3.5720923113539797E-017
   2.5396351688300456E-014   2.5382473900492641E-014   2.5382796205359568E-014
   6.8001160258290838E-016   6.8001160258290838E-016   6.8142717347015783E-016
   2.0539125955565396E-015   2.0539125955565396E-015   2.0677590998326807E-015
   2.7755575615628914E-017   2.7755575615628914E-017   1.5813090470600467E-017
   2.4980018054066022E-016   2.4980018054066022E-016   2.4054231914669555E-016
   2.2204460492503131E-016   2.2204460492503131E-016   2.2240501690529749E-016
   2.7755575615628914E-017   5.5511151231257827E-017   4.7179329516065094E-017
   1.3045120539345589E-015   1.3322676295501878E-015   1.3335845964228337E-015
   2.7755575615628914E-017   2.7755575615628914E-017   3.6432577259975221E-017
   3.6082248300317588E-015   3.6359804056473877E-015   3.6360188373935102E-015
   8.3266726846886741E-017   8.3266726846886741E-017   9.2944150338406431E-017
   1.6653345369377348E-016   1.3877787807814457E-016   1.4325740485649381E-016
   4.9960036108132044E-016   4.8572257327350599E-016   4.9166772759551368E-016
   2.0816681711721685E-016   2.0816681711721685E-016   2.1313439325228547E-016
   1.7902346272080649E-015   1.7902346272080649E-015   1.7849208917998584E-015
   1.3877787807814457E-017   1.3877787807814457E-017   1.0581409458541038E-017
   4.5796699765787707E-016   4.5796699765787707E-016   4.5370464814060979E-016
   1.0685896612017132E-015   1.0824674490095276E-015   1.0837158824550264E-015
   6.6613381477509392E-016   6.6613381477509392E-016   6.6783471336659170E-016
   2.5979218776228663E-014   2.5979218776228663E-014   2.5985194419338044E-014
   2.7755575615628914E-017   2.7755575615628914E-017   3.4880947253560089E-017
   6.9388939039072284E-016   6.9388939039072284E-016   6.8654067687308710E-016
   8.6042284408449632E-016   8.8817841970012523E-016   8.7580796706100886E-016
   5.5511151231257827E-017   2.7755575615628914E-017   3.3604717044421069E-017
   2.2204460492503131E-016   2.2204460492503131E-016   2.2246540991131851E-016
   9.4368957093138306E-015   9.4646512849294595E-015   9.4538145673591268E-015
   5.5511151231257827E-017   5.5511151231257827E-017   4.9795976516121752E-017
   2.1094237467877974E-015   2.1094237467877974E-015   2.1207022265125843E-015
   1.1102230246251565E-016   1.1102230246251565E-016   1.2226405469263403E-016
   3.6082248300317588E-016   3.6082248300317588E-016   3.5889346403897988E-016
   1.9428902930940239E-016   1.9428902930940239E-016   1.9892320325644375E-016
   2.7755575615628914E-016   2.7755575615628914E-016   2.7299699336347260E-016
   3.3584246494910985E-015   3.3723024372989130E-015   3.3698702535117899E-015
   5.6898930012039273E-016   5.6898930012039273E-016   5.7044531917631334E-016
   4.3159920082302961E-015   4.3159920082302961E-015   4.3195401387424634E-015
   2.7755575615628914E-017   4.1633363423443370E-017   3.7729274536038774E-017
   2.7755575615628914E-017   2.7755575615628914E-017   2.6832266557989936E-017
   1.1518563880485999E-015   1.1657341758564144E-015   1.1619762100753647E-015
   2.7755575615628914E-017   5.5511151231257827E-017   4.6252283640234327E-017
   2.7755575615628914E-017   2.7755575615628914E-017   2.5888768140409655E-017
   2.7755575615628914E-017   2.7755575615628914E-017   2.7896656701714412E-017
   1.3877787807814457E-016   1.6653345369377348E-016   1.6177855770926998E-016
   2.3314683517128287E-015   2.3592239273284576E-015   2.3633261426518419E-015
   2.7755575615628914E-017   2.7755575615628914E-017   3.5985596211702459E-017
   8.3266726846886741E-017   8.3266726846886741E-017   7.0844456638745016E-017
   2.7755575615628914E-017   2.7755575615628914E-017   2.5039482145169619E-017
   6.1894933622852477E-015   6.2172489379008766E-015   6.2225132488576217E-015
   8.3266726846886741E-017   5.5511151231257827E-017   6.7129405420666563E-017
   2.7755575615628914E-017   2.7755575615628914E-017   4.0844087207878094E-017
   1.1379786002407855E-015   1.1379786002407855E-015   1.1399666432525633E-015
   1.6653345369377348E-016   1.5265566588595902E-016   1.5930642018796112E-016
   8.0491169285323849E-016   8.0491169285323849E-016   7.9839574700769823E-016
   6.9388939039072284E-017   6.9388939039072284E-017   6.3546979553501726E-017
   3.4694469519536142E-016   3.4694469519536142E-016   3.4734622642503024E-016
   6.0507154842071031E-015   6.0368376963992887E-015   6.0409674489269154E-015
   1.3877787807814457E-017   1.3877787807814457E-017   7.5631675356599037E-018
   1.3877787807814457E-017   1.3877787807814457E-017   8.3284405794536503E-018
   2.5299207173645755E-014   2.5299207173645755E-014   2.5305745047391501E-014
   5.1347814888913490E-016   5.1347814888913490E-016   5.2037865753244559E-016
   1.4710455076283324E-015   1.4710455076283324E-015   1.4830970376772678E-015
   2.7755575615628914E-017   2.7755575615628914E-017   1.6823366514630749E-017
   1.9428902930940239E-016   1.9428902930940239E-016   1.9423632041359721E-016
   2.7755575615628914E-017   2.7755575615628914E-017   2.3467774898360874E-017
   3.3306690738754696E-016   3.3306690738754696E-016   3.3922791983780248E-016
   5.5511151231257827E-017   2.7755575615628914E-017   3.2186395097122984E-017
   8.3266726846886741E-016   8.6042284408449632E-016   8.5299997545011334E-016
   5.5511151231257827E-017   2.7755575615628914E-017   3.4843391922117246E-017
   3.9135361618036768E-015   3.8857805861880479E-015   3.8978377697807454E-015
   8.3266726846886741E-017   8.3266726846886741E-017   8.9397216377321883E-017
   1.3877787807814457E-016   1.1102230246251565E-016   1.2461240750317704E-016
   5.5511151231257827E-016   5.5511151231257827E-016   5.4990616610928111E-016
   1.9428902930940239E-016   2.0816681711721685E-016   2.0581152474710875E-016
   1.6237011735142914E-015   1.6237011735142914E-015   1.6262472353118719E-015
   1.3877787807814457E-017   1.3877787807814457E-017   1.3724762030658441E-017
   4.4408920985006262E-016   4.4408920985006262E-016   4.3932590646099942E-016
   1.7902346272080649E-015   1.7902346272080649E-015   1.7925143857406856E-015
   9.2981178312356860E-016   9.2981178312356860E-016   9.2578408534198272E-016
   2.5895952049381776E-014   2.5895952049381776E-014   2.5896537603019940E-014
   8.0491169285323849E-016   8.0491169285323849E-016   8.1865836735780947E-016
   7.7715611723760958E-016   7.4940054162198066E-016   7.4768914847137027E-016
   2.7755575615628914E-017   2.7755575615628914E-017   2.3181961893725496E-017
   2.2204460492503131E-016   2.2204460492503131E-016   2.2349458951172460E-016
   9.9642516460107800E-015   9.9920072216264089E-015   9.9855447878013303E-015
   5.5511151231257827E-017   5.5511151231257827E-017   4.7721728797227943E-017
   2.2759572004815709E-015   2.3037127760971998E-015   2.2957262304933396E-015
   1.1102230246251565E-016   1.1102230246251565E-016   1.1776453248155524E-016
   3.1918911957973251E-016   3.1918911957973251E-016   3.1843346378019168E-016
   2.3592239273284576E-016   2.2204460492503131E-016   2.2825597513137711E-016
   2.6367796834847468E-016   2.6367796834847468E-016   2.6387838332022045E-016
   3.1086244689504383E-015   3.0947466811426239E-015   3.0955036203362745E-015
   5.5511151231257827E-016   5.5511151231257827E-016   5.5274329980085570E-016
   2.5535129566378600E-015   2.5535129566378600E-015   2.5539769256318901E-015
   1.3877787807814457E-017   2.7755575615628914E-017   2.2501205125663364E-017
   5.5511151231257827E-017   4.1633363423443370E-017   4.7936373553167743E-017
   2.0677903833643541E-015   2.0539125955565396E-015   2.0596326704869936E-015
   2.7755575615628914E-017   2.7755575615628914E-017   2.7434227318159010E-017
   2.7755575615628914E-017   2.7755575615628914E-017   1.9679174002689220E-017
   2.2204460492503131E-016   1.9428902930940239E-016   2.0222693232044603E-016
   2.0816681711721685E-015   2.0816681711721685E-015   2.0861711498458139E-015
   5.5511151231257827E-017   2.7755575615628914E-017   3.5685942974268979E-017
   5.5511151231257827E-017   5.5511151231257827E-017   5.1688450639210722E-017
   8.3266726846886741E-017   1.1102230246251565E-016   9.9585385288711998E-017
   2.7755575615628914E-017   2.7755575615628914E-017   2.3883191618994506E-017
   6.5780714209040525E-015   6.6058269965196814E-015   6.6128160307700252E-015
   5.5511151231257827E-017   5.5511151231257827E-017   6.4450068843892029E-017
   5.5511151231257827E-017   2.7755575615628914E-017   3.4336873768692487E-017
   1.2767564783189300E-015   1.2490009027033011E-015   1.2498018197913380E-015
   1.5265566588595902E-016   1.5265566588595902E-016   1.5363730344077403E-016
   7.0776717819853729E-016   7.2164496600635175E-016   7.1863786866436764E-016
   6.9388939039072284E-017   6.9388939039072284E-017   7.5861354066414135E-017
   3.3306690738754696E-016   3.3306690738754696E-016   3.3604049698425314E-016
   5.5788706987414116E-015   5.5788706987414116E-015   5.5854902623060825E-015
   2.7755575615628914E-017   2.7755575615628914E-017   2.5929292628831957E-017
   2.5229818234606682E-014   2.5229818234606682E-014   2.5230335909805566E-014
   3.7470027081099033E-016   3.8857805861880479E-016   3.9068068968352857E-016
   1.0269562977782698E-015   1.0269562977782698E-015   1.0378397374249343E-015
   1.3877787807814457E-016   1.6653345369377348E-016   1.5516150689723707E-016
   2.7755575615628914E-017   2.7755575615628914E-017   3.2038201007512979E-017
   4.9960036108132044E-016   4.9960036108132044E-016   5.0111144326157915E-016
   2.7755575615628914E-017   2.7755575615628914E-017   2.1286423192505971E-017
   5.2735593669694936E-016   5.2735593669694936E-016   5.2259582788435297E-016
   2.7755575615628914E-017   2.7755575615628914E-017   3.3313328739761150E-017
   4.1910919179599659E-015   4.1633363423443370E-015   4.1735744965219325E-015
   8.3266726846886741E-017   8.3266726846886741E-017   8.5967626541430317E-017
   1.1102230246251565E-016   1.1102230246251565E-016   1.0803039889883084E-016
   6.1062266354383610E-016   6.1062266354383610E-016   6.1328842810777999E-016
   1.9428902930940239E-016   1.9428902930940239E-016   1.9871111976731988E-016
   1.4849232954361469E-015   1.4849232954361469E-015   1.4797566908466225E-015
   2.7755575615628914E-017   1.3877787807814457E-017   1.7556442610931813E-017
   4.3021142204224816E-016   4.3021142204224816E-016   4.2535964220035127E-016
   2.8310687127941492E-015   2.8310687127941492E-015   2.8289103965000505E-015
   1.2628786905111156E-015   1.2628786905111156E-015   1.2602003966177275E-015
   2.5812685322534890E-014   2.5812685322534890E-014   2.5809473343968815E-014
   9.9920072216264089E-016   9.7144514654701197E-016   9.7147267951700699E-016
   6.3837823915946501E-016   6.3837823915946501E-016   6.3448500062625892E-016
   2.2204460492503131E-016   2.2204460492503131E-016   2.2453118049103225E-016
   8.4099394115355608E-015   8.4376949871511897E-015   8.4481494748624565E-015
   5.5511151231257827E-017   5.5511151231257827E-017   4.5721530243050944E-017
   2.4980018054066022E-015   2.4702462297909733E-015   2.4814538655237853E-015
   1.1102230246251565E-016   1.1102230246251565E-016   1.1340941304364266E-016
   2.7755575615628914E-016   2.7755575615628914E-016   2.8186640875418159E-016
   2.6367796834847468E-016   2.6367796834847468E-016   2.6081738404831327E-016
   2.6367796834847468E-016   2.4980018054066022E-016   2.5503098708437221E-016
   2.8449465006019636E-015   2.8449465006019636E-015   2.8405600025961110E-015
   5.2735593669694936E-016   5.4123372450476381E-016   5.3554265998120888E-016
   1.3877787807814457E-017   1.3877787807814457E-017   1.9129478029784304E-017
   1.4294121442048890E-015   1.4155343563970746E-015   1.4172800165501109E-015
   1.3877787807814457E-017   1.3877787807814457E-017   1.2595717623673298E-017
   6.9388939039072284E-017   8.3266726846886741E-017   8.0849632344014036E-017
   3.4416913763379853E-015   3.4416913763379853E-015   3.4463405549097794E-015
   2.7755575615628914E-017   2.7755575615628914E-017   2.9059445898593293E-017
   2.4980018054066022E-016   2.4980018054066022E-016   2.5072347435441071E-016
   1.8318679906315083E-015   1.8318679906315083E-015   1.8345018971724785E-015
   5.5511151231257827E-017   5.5511151231257827E-017   6.5721518842155097E-017
   5.5511151231257827E-017   2.7755575615628914E-017   2.7711938003197211E-017
   1.3877787807814457E-016   1.3877787807814457E-016   1.3691798108824144E-016
   2.7755575615628914E-017   2.7755575615628914E-017   2.2772209519012497E-017
   7.0221606307541151E-015   7.0221606307541151E-015   7.0211109340289131E-015
   2.7755575615628914E-017   5.5511151231257827E-017   6.1862858078640246E-017
   2.7755575615628914E-017   2.7755575615628914E-017   2.8709067742155002E-017
   1.3600232051658168E-015   1.3600232051658168E-015   1.3675049224153143E-015
   1.5265566588595902E-016   1.5265566588595902E-016   1.4814522113299423E-016
   6.5225602696727947E-016   6.5225602696727947E-016   6.4571492410956181E-016
   8.3266726846886741E-017   8.3266726846886741E-017   8.9953726503290005E-017
   3.1918911957973251E-016   3.1918911957973251E-016   3.2506489113722470E-016
   5.1625370645069779E-015   5.1625370645069779E-015   5.1600893680795488E-015
   6.9388939039072284E-017   6.9388939039072284E-017   6.9489539547274605E-017
   2.5146551507759796E-014   2.5160429295567610E-014   2.5156577213496345E-014
   2.7755575615628914E-016   2.9143354396410359E-016   2.8772220597420655E-016
   1.3877787807814457E-017   1.3877787807814457E-017   8.5429558916691876E-018
   6.9388939039072284E-016   6.9388939039072284E-016   7.0582663879687854E-016
   1.1102230246251565E-016   1.1102230246251565E-016   1.2248384675077321E-016
   2.7755575615628914E-017   5.5511151231257827E-017   4.3021371834751824E-017
   7.2164496600635175E-016   7.2164496600635175E-016   7.2021339940928695E-016
   2.7755575615628914E-017   2.7755575615628914E-017   2.1711675938739839E-017
   2.7755575615628914E-016   3.0531133177191805E-016   3.0383203667012353E-016
   2.7755575615628914E-017   2.7755575615628914E-017   3.1840533093605856E-017
   4.4964032497318840E-015   4.4686476741162551E-015   4.4637033986811773E-015
   8.3266726846886741E-017   8.3266726846886741E-017   8.2652007398408205E-017
   8.3266726846886741E-017   8.3266726846886741E-017   9.3323466836156438E-017
   6.8001160258290838E-016   6.8001160258290838E-016   6.8211650438328754E-016
   1.8041124150158794E-016   1.9428902930940239E-016   1.9182710311917742E-016
   1.3461454173580023E-015   1.3461454173580023E-015   1.3446533702166704E-015
   1.3877787807814457E-017   2.7755575615628914E-017   2.2178406233671631E-017
   4.1633363423443370E-016   4.1633363423443370E-016   4.1179481611147425E-016
   4.2882364326146671E-015   4.2882364326146671E-015   4.2937505708148341E-015
   1.2906342661267445E-015   1.3045120539345589E-015   1.3037399153703925E-015
   2.5715540807880188E-014   2.5729418595688003E-014   2.5724007419731820E-014
   1.3877787807814457E-017   1.3877787807814457E-017   1.0979189384032545E-017
   1.1657341758564144E-015   1.1379786002407855E-015   1.1475725729907314E-015
   5.2735593669694936E-016   5.2735593669694936E-016   5.3495235061914726E-016
   1.9428902930940239E-016   1.9428902930940239E-016   1.8221340469260616E-016
   6.2450045135165055E-015   6.2172489379008766E-015   6.2136709517738142E-015
   2.7755575615628914E-017   5.5511151231257827E-017   4.3793131398199572E-017
   2.6645352591003757E-015   2.6645352591003757E-015   2.6783098579553510E-015
   1.1102230246251565E-016   1.1102230246251565E-016   1.0919462726507543E-016
   2.4980018054066022E-016   2.4980018054066022E-016   2.4888099326784450E-016
   2.9143354396410359E-016   2.9143354396410359E-016   2.9684595284302248E-016
   2.4980018054066022E-016   2.4980018054066022E-016   2.4644746947900061E-016
   2.6090241078691179E-015   2.6090241078691179E-015   2.6038556264213665E-015
   5.1347814888913490E-016   5.1347814888913490E-016   5.1882998644091765E-016
   5.5511151231257827E-017   5.5511151231257827E-017   5.6080081609439949E-017
   7.3552275381416621E-016   7.2164496600635175E-016   7.2557583152016239E-016
   1.3877787807814457E-016   1.2490009027033011E-016   1.3011460229274170E-016
   5.5094817597023393E-015   5.4956039718945249E-015   5.5021463473167373E-015
   2.7755575615628914E-017   2.7755575615628914E-017   3.0768024355375597E-017
   3.0531133177191805E-016   3.0531133177191805E-016   3.0850785625383095E-016
   1.6098233857064770E-015   1.6098233857064770E-015   1.6066832762442805E-015
   5.5511151231257827E-017   5.5511151231257827E-017   4.7450637204328118E-017
   1.9428902930940239E-016   1.9428902930940239E-016   1.8461470704173970E-016
   7.4384942649885488E-015   7.4384942649885488E-015   7.4479225776462718E-015
   5.5511151231257827E-017   5.5511151231257827E-017   5.9365051757317318E-017
   2.7755575615628914E-017   2.7755575615628914E-017   2.3863671516147981E-017
   1.4710455076283324E-015   1.4988010832439613E-015   1.4934459247595934E-015
   1.3877787807814457E-016   1.3877787807814457E-016   1.4282526648474404E-016
   5.8286708792820718E-016   5.8286708792820718E-016   5.7913493700124013E-016
   9.7144514654701197E-017   1.1102230246251565E-016   1.0599763585805974E-016
   3.1918911957973251E-016   3.1918911957973251E-016   3.1441054016078471E-016
   4.7600812180803587E-015   4.7600812180803587E-015   4.7630340600602970E-015
   1.6653345369377348E-016   1.5265566588595902E-016   1.5800943078279595E-016
   2.4591439995447217E-014   2.4591439995447217E-014   2.4591951549350231E-014
   2.0816681711721685E-016   2.0816681711721685E-016   2.0731182616667943E-016
   2.7755575615628914E-017   2.7755575615628914E-017   3.4216372309543639E-017
   4.7184478546569153E-016   4.7184478546569153E-016   4.6425627827046492E-016
   2.7755575615628914E-017   2.7755575615628914E-017   2.0195509778275976E-017
   1.1102230246251565E-016   8.3266726846886741E-017   9.5425964413699005E-017
   5.5511151231257827E-017   5.5511151231257827E-017   5.6922879517156194E-017
   1.0269562977782698E-015   9.9920072216264089E-016   1.0107940211162258E-015
   2.7755575615628914E-017   2.7755575615628914E-017   3.1162081824306016E-017
   1.6653345369377348E-016   1.6653345369377348E-016   1.6551893642740670E-016
   2.7755575615628914E-017   2.7755575615628914E-017   3.0423199923346127E-017
   4.7462034302725442E-015   4.7739590058881731E-015   4.7687053446136642E-015
   8.3266726846886741E-017   8.3266726846886741E-017   7.9447072529306058E-017
   8.3266726846886741E-017   8.3266726846886741E-017   8.0317269661378612E-017
   7.7715611723760958E-016   7.6327832942979512E-016   7.5670096036369966E-016
   1.9428902930940239E-016   1.8041124150158794E-016   1.8515355626462239E-016
   1.2073675392798577E-015   1.2212453270876722E-015   1.2201853583853452E-015
   2.7755575615628914E-017   2.7755575615628914E-017   2.7700981909422110E-017
   3.8857805861880479E-016   4.0245584642661925E-016   3.9862068172649618E-016
   6.2866378769399489E-015   6.3005156647477634E-015   6.3060733780932117E-015
   6.8001160258290838E-016   6.8001160258290838E-016   6.8149476699778165E-016
   2.5632274081033302E-014   2.5646151868841116E-014   2.5640145943305006E-014
   4.1633363423443370E-017   4.1633363423443370E-017   4.3898565586487794E-017
   1.3600232051658168E-015   1.3600232051658168E-015   1.3498027114090449E-015
   4.7184478546569153E-016   4.4408920985006262E-016   4.4790435069277552E-016
   5.5511151231257827E-017   5.5511151231257827E-017   4.2914842480108448E-017
   1.3877787807814457E-016   1.3877787807814457E-016   1.3620623056139970E-016
   4.4686476741162551E-015   4.4686476741162551E-015   4.4815932928318913E-015
   2.7755575615628914E-017   5.5511151231257827E-017   4.1934341937838662E-017
   2.8865798640254070E-015   2.8865798640254070E-015   2.8867261423508917E-015
   1.1102230246251565E-016   1.1102230246251565E-016   1.0511621051213052E-016
   2.0816681711721685E-016   2.2204460492503131E-016   2.1918606276487318E-016
   3.4694469519536142E-016   3.3306690738754696E-016   3.3658916843577680E-016
   2.3592239273284576E-016   2.3592239273284576E-016   2.3812068540940770E-016
   2.3869795029440866E-015   2.3869795029440866E-015   2.3842689531454805E-015
   4.9960036108132044E-016   4.9960036108132044E-016   5.0259222575453337E-016
   1.2490009027033011E-016   1.3877787807814457E-016   1.3560067213323867E-016
   3.3306690738754696E-016   3.3306690738754696E-016   3.3412210754288244E-016
   1.9428902930940239E-016   2.0816681711721685E-016   2.0140162855532649E-016
   8.4515727749590042E-015   8.4515727749590042E-015   8.4482163163245524E-015
   2.7755575615628914E-017   2.7755575615628914E-017   3.2563711609489932E-017
   3.8857805861880479E-016   3.8857805861880479E-016   3.7696346267421424E-016
   1.4155343563970746E-015   1.3877787807814457E-015   1.4011328991681523E-015
   2.7755575615628914E-017   2.7755575615628914E-017   3.3472319053391984E-017
   1.9428902930940239E-016   2.2204460492503131E-016   2.1922344739580236E-016
   7.9103390504542404E-015   7.8825834748386114E-015   7.8937812549516555E-015
   5.5511151231257827E-017   5.5511151231257827E-017   5.6953999234399559E-017
   2.7755575615628914E-017   2.7755575615628914E-017   1.9711978568252008E-017
   1.6653345369377348E-015   1.6375789613221059E-015   1.6280027001149869E-015
   1.2490009027033011E-016   1.3877787807814457E-016   1.3767265867632761E-016
   5.1347814888913490E-016   5.1347814888913490E-016   5.1843519631599431E-016
   1.2490009027033011E-016   1.2490009027033011E-016   1.2417563552949811E-016
   3.0531133177191805E-016   3.0531133177191805E-016   3.0406880585723838E-016
   4.3992587350771828E-015   4.3992587350771828E-015   4.3926812105856456E-015
   3.3306690738754696E-016   3.1918911957973251E-016   3.1946089709302292E-016
   1.7125190154843040E-014   1.7139067942650854E-014   1.7136223011544968E-014
