   7.0678992921411486E-017   1.1043592643970544E-016   1.0875174158456470E-016
   4.4174370575882179E-018   1.2646486938878904E-019   1.2646486938878892E-019
   1.1927080055488187E-016   1.3031439319885243E-016   1.2936506151632955E-016
   2.2087185287941089E-018   5.6468364878141222E-020   5.6468364878141222E-020
   1.2887872615513625E-015   1.3167732988432987E-015   1.3167732988432987E-015
   2.3854160110976374E-016   2.5188928585649002E-016   2.5188928585649002E-016
   3.5339496460705743E-017   3.5339496460705743E-017   2.9446072845213354E-017
   1.1485336349729365E-016   1.3252311172764654E-016   1.3396157509543952E-016
   1.1043592643970545E-017   1.5793241698353963E-017   1.5793241699942325E-017
   5.3009244691058611E-017   7.0678992921411486E-017   6.4488201709012885E-017
   1.0877938754310986E-015   1.0524543789703929E-015   1.0526257664431564E-015
   1.1043592643970545E-018   3.8169108044206909E-021   3.8169108005814338E-021
   1.7669748230352871E-017   3.0120863900273038E-021   3.0120863906785413E-021
   1.7669748230352871E-017   5.3634697150622444E-021   5.3634697146552127E-021
   6.0739759541837998E-016   6.3191904961322051E-016   6.3191904961321449E-016
   5.6984938042888010E-016   5.6599903649054371E-016   5.6599903649054371E-016
   1.1485336349729365E-016   8.8348741151764360E-017   8.9569756228860673E-017
   1.7669748230352871E-017   2.2836117836643493E-017   2.2836117836643493E-017
   3.6222983872223387E-016   3.7106471283741030E-016   3.6735903374289418E-016
   1.1043592643970545E-018   4.7922807403540639E-023   4.7922793261931911E-023
   1.7669748230352871E-017   1.7669748230352871E-017   2.0023781688378923E-017
   1.9878466759146979E-017   2.0439409854811679E-017   2.0439409854811679E-017
   7.0678992921411486E-017   8.2527385429400974E-017   8.2527385429400974E-017
   8.2081502326311071E-016   8.3349500344343272E-016   8.3349500344343272E-016
   1.7669748230352871E-017   1.7669748230352871E-017   1.6457229967455253E-017
   1.2368823761247011E-016   1.2441998025344095E-016   1.2441998025344093E-016
   5.3009244691058611E-017   3.5339496460705743E-017   3.8102388177673587E-017
   2.8271597168564594E-016   2.7829853462805773E-016   2.7706360384724806E-016
   8.8348741151764360E-017   8.8348741151764360E-017   8.1655405410242719E-017
   6.5378068452305620E-016   6.5157196599426214E-016   6.5175961398611508E-016
   4.4174370575882179E-018   3.2041598092807556E-025   3.2041601169753573E-025
   5.5217963219852723E-019   3.5548058929079189E-024   3.5548058818007837E-024
   3.5339496460705743E-017   3.5339496460705743E-017   3.5543446867772120E-017
   6.7476351054660024E-016   6.4633993829135329E-016   6.4633993829135743E-016
   6.5598940305185035E-016   6.5728999862806170E-016   6.5728999862806170E-016
   3.6222983872223387E-016   3.7548214989499852E-016   3.7568850810539022E-016
   4.4174370575882179E-018   1.5299373214145647E-018   1.5299373219508620E-018
   1.7669748230352871E-017   1.7669748230352871E-017   9.2212568161894832E-018
   8.8348741151764357E-018   2.8680120647207410E-018   2.8680120651670255E-018
   5.3009244691058611E-017   2.4114038697349915E-017   2.4114038697349915E-017
   2.7388109757046951E-016   2.4621518709680024E-016   2.4621518709680024E-016
   1.4699021809124794E-015   1.4575282264693108E-015   1.4575282264693108E-015
   4.7708320221952748E-016   4.9738494339817011E-016   4.9738494339817011E-016
   1.7669748230352871E-017   1.7669748230352871E-017   2.1723214296758220E-017
   5.3009244691058611E-017   5.3009244691058611E-017   5.2184801596827840E-017
   5.7426681748646827E-017   5.3406046151739410E-017   5.3406046151739410E-017
   7.0678992921411486E-017   5.3009244691058611E-017   4.8921679075318979E-017
   5.3892732102576259E-016   5.3450988396817438E-016   5.3368425748054822E-016
   1.2368823761247011E-016   1.0601848938211722E-016   1.0283645413787192E-016
   1.7669748230352871E-017   4.2369903673011258E-022   4.2369903661416088E-022
   8.8348741151764357E-018   3.9528063281754742E-023   3.9528063311952263E-023
   1.7669748230352871E-017   3.0644156645743778E-022   3.0644156648664364E-022
   3.3130777931911635E-017   2.7554517600249632E-017   2.7554517600242446E-017
   9.7183615266940791E-017   1.0601848938211722E-016   1.0455590177979910E-016
   1.5019285995799940E-016   1.7245916301729561E-016   1.7245916301729561E-016
   1.1087767014546426E-015   1.1021505458682604E-015   1.1023881783681340E-015
   7.0678992921411486E-017   6.7307273573992487E-017   6.7307273573641222E-017
   3.5339496460705743E-017   2.6504622345529306E-017   2.8108480713423966E-017
   4.4174370575882179E-018   3.1275967006804828E-020   3.1275967006805135E-020
   1.5019285995799940E-016   1.7669748230352872E-016   1.7644236456096055E-016
   1.4179972954858179E-015   1.3975714109396867E-015   1.3975714109396867E-015
   1.7669748230352871E-017   1.7669748230352871E-017   1.1833840473155751E-017
   2.7608981609926362E-016   2.7540079377903778E-016   2.7540079377903778E-016
   1.7669748230352871E-017   3.5339496460705743E-017   2.8391534799976483E-017
   1.1485336349729365E-016   1.2368823761247011E-016   1.2028196803904596E-016
   3.5339496460705743E-017   7.0678992921411486E-017   6.2378934572739828E-017
   9.6300127855423138E-016   9.7183615266940781E-016   9.7212992191515183E-016
   1.7669748230352871E-017   3.0123113494974149E-021   3.0123113506207492E-021
   4.4174370575882179E-018   1.1847744052585478E-023   1.1847744053240565E-023
   6.1402375100476226E-016   6.3008393228329918E-016   6.3008393228328458E-016
   3.6222983872223387E-016   3.8011662918031832E-016   3.8011662918031832E-016
   3.5339496460705743E-017   1.7669748230352871E-017   1.2327421654300211E-017
   7.9513867036587917E-017   7.0678992921411486E-017   7.0350274255357311E-017
   3.3130777931911635E-017   3.0479887078154671E-017   3.0479887078154671E-017
   5.3450988396817438E-016   5.2125757279540973E-016   5.2282369724305411E-016
   4.4174370575882179E-018   5.1229001376553301E-021   5.1229003796344029E-021
   1.7669748230352871E-017   2.6504622345529306E-017   2.9207082114911416E-017
   6.6261555863823264E-018   5.8175231372044855E-020   5.8175231372044554E-020
   1.7669748230352871E-017   1.2819731511347980E-017   1.2819731511347979E-017
   1.7669748230352871E-017   8.8348741151764357E-018   1.0145767996793281E-017
   4.4174370575882180E-017   4.6841792146063927E-017   4.6841792146063927E-017
   8.7465253740246707E-016   8.9103929172763803E-016   8.9103929172763803E-016
   3.5339496460705743E-017   1.7669748230352871E-017   1.5821137201258609E-017
   1.7669748230352871E-017   1.7669748230352871E-017   1.7105896624897848E-017
   1.2976221356665389E-016   1.3823884809333494E-016   1.3823884809333494E-016
   3.5339496460705743E-017   3.5339496460705743E-017   3.6780159517541612E-017
   2.6504622345529308E-016   2.4737647522494022E-016   2.5162977464526636E-016
   8.8348741151764360E-017   7.0678992921411486E-017   7.9048028926258934E-017
   9.5858384149664327E-016   9.7625358972699613E-016   9.7579933718643935E-016
   2.2087185287941089E-018   1.6683734030509432E-026   1.6683751688424907E-026
   1.7669748230352871E-017   3.0107106591924875E-021   3.0107106608602563E-021
   1.7669748230352871E-017   2.7161755505633266E-021   2.7161755506705821E-021
   6.2175426585554166E-016   6.4421066763197628E-016   6.4421066763196553E-016
   7.7084276654914396E-016   7.7509868079361444E-016   7.7509868079361444E-016
   3.3572521637670453E-016   3.1805546814635167E-016   3.1590135508930888E-016
   8.8348741151764357E-018   1.4882717008009688E-018   1.4882717010356229E-018
   1.7669748230352871E-017   1.5382675121251763E-017   1.5382675121251763E-017
   2.1203697876423444E-016   1.8583023901393894E-016   1.8583023901393894E-016
   1.0513500197059959E-015   1.0640484978143688E-015   1.0640484978143688E-015
   5.3892732102576259E-016   5.3654053698631216E-016   5.3654053698631216E-016
   5.3009244691058611E-017   4.4174370575882180E-017   4.6031130719162313E-017
   6.6261555863823270E-017   6.0691732714984320E-017   6.0691732714984320E-017
   5.3009244691058611E-017   5.3009244691058611E-017   4.7272563855789338E-017
   4.9475295044988044E-016   4.9033551339229212E-016   4.8900195656086997E-016
   4.4174370575882179E-018   6.5294584453450485E-019   6.5294584456328422E-019
   8.8348741151764360E-017   1.0601848938211722E-016   9.9623479434027732E-017
   8.8348741151764357E-018   1.7669748230352871E-017   1.5769987918474894E-017
   8.8348741151764357E-018   1.2638106810690614E-023   1.2638106801545063E-023
   2.6504622345529306E-017   1.3575974436030363E-017   1.3575974436025133E-017
   1.7228004524594048E-016   1.6344517113076405E-016   1.6422803983136182E-016
   1.7669748230352871E-017   1.7669748230352871E-017   1.9921114893000708E-017
   1.9436723053388158E-016   2.1160530120293068E-016   2.1160530120293068E-016
   9.4533153032387852E-016   9.6300127855423138E-016   9.6387849621400178E-016
   8.2826944829779080E-019   1.6847313992399689E-020   1.6847313940325544E-020
   5.3009244691058611E-017   4.8168364925218119E-017   4.8168364923599419E-017
   8.8348741151764357E-018   4.4174370575882179E-018   4.1071527224113420E-018
   4.4174370575882179E-018   4.4837467124858253E-021   4.4837467124857177E-021
   2.3854160110976374E-016   2.3633288258096963E-016   2.3622922890144047E-016
   2.7608981609926362E-019   3.5117349246290445E-025   3.5118748902134116E-025
   1.5173896292815529E-015   1.4820102871992404E-015   1.4820102871992404E-015
   3.0038571991599880E-016   3.0054292368484799E-016   3.0054292368484799E-016
   3.5339496460705743E-017   3.5339496460705743E-017   2.7370096317564919E-017
   1.0601848938211722E-016   1.0601848938211722E-016   1.0779941214865681E-016
   1.9878466759146979E-017   2.1959269146831153E-017   2.1959269146831153E-017
   5.3009244691058611E-017   5.3009244691058611E-017   6.0331467760647414E-017
   9.0115715974799636E-016   8.9673972269040825E-016   8.9701737944864008E-016
   1.7669748230352871E-017   3.5339496460705743E-017   4.1105331097233080E-017
   8.8348741151764357E-018   2.1551932691099204E-023   2.1551932691101555E-023
   5.3892732102576259E-016   5.3613655441437047E-016   5.3613655441435627E-016
   2.4737647522494022E-016   2.4633130764186353E-016   2.4633130764186353E-016
   5.3009244691058611E-017   5.3009244691058611E-017   5.4503140787342188E-017
   2.4295903816735198E-017   4.0110789904942039E-017   4.0110789904942039E-017
   7.5979917390517347E-016   7.2887711450205596E-016   7.2750766677419520E-016
   3.5339496460705743E-017   4.4174370575882180E-017   4.1509019054337526E-017
   4.4174370575882179E-018   1.1031538204685745E-020   1.1031538762589131E-020
   1.7669748230352871E-017   1.7669748230352871E-017   1.2196931383060830E-017
   1.7669748230352871E-017   7.6694508393605930E-018   7.6694508393605930E-018
   3.0922059403117527E-017   2.4755219746875821E-017   2.4755219746875821E-017
   9.4533153032387852E-016   9.5151264304027237E-016   9.5151264304027237E-016
   1.7669748230352871E-017   1.7669748230352871E-017   1.5206318257800369E-017
   1.7669748230352871E-017   1.7669748230352871E-017   1.4699182718189454E-017
   1.2755349503785979E-016   1.5320132854735493E-016   1.5320132854735493E-016
   1.7669748230352871E-017   3.5339496460705743E-017   3.5498410080013003E-017
   1.9436723053388158E-016   2.2970672699458731E-016   2.2820830909781713E-016
   8.8348741151764357E-018   5.8652670240013964E-018   5.8652670239360003E-018
   7.0678992921411486E-017   7.0678992921411486E-017   7.6515814458548133E-017
   1.4467106363601412E-015   1.4166168464053215E-015   1.4165006517268545E-015
   1.1043592643970545E-018   5.2820275035422666E-027   5.2820276554581500E-027
   1.7669748230352871E-017   1.7669748230352871E-017   1.2879215150379692E-017
   6.3611093629270333E-016   6.4212170087708017E-016   6.4212170087706725E-016
   9.1440947092076111E-016   9.1021041361408477E-016   9.1021041361408477E-016
   2.5621134934011665E-016   2.6504622345529308E-016   2.6372941375199094E-016
   8.8348741151764357E-018   3.7473488133917120E-018   3.7473488133917120E-018
   3.5339496460705743E-017   3.5339496460705743E-017   3.4361487195686862E-017
   3.5339496460705743E-017   9.3949395642039384E-018   9.3949395642039384E-018
   1.5902773407317583E-016   1.3798287799401413E-016   1.3798287799401416E-016
   7.6421661096276168E-016   7.6096521466009196E-016   7.6096521466009196E-016
   5.8310169160164475E-016   5.7797741793714791E-016   5.7797741793714791E-016
   1.7669748230352871E-017   1.7669748230352871E-017   2.0131548634137751E-017
   3.5339496460705743E-017   4.4174370575882180E-017   4.0495881529445539E-017
   7.5096429978999701E-017   6.8719225994986231E-017   6.8719225994986231E-017
   5.3009244691058611E-017   5.3009244691058611E-017   4.5672831886900509E-017
   4.3732626870123354E-016   4.4616114281640997E-016   4.4756501797320295E-016
   4.4174370575882179E-018   9.0845771029471380E-019   9.0845771025588339E-019
   1.0601848938211722E-016   8.8348741151764360E-017   9.6501871518210340E-017
   4.4174370575882180E-017   3.5339496460705743E-017   3.5963487244211849E-017
   8.8348741151764357E-018   5.7272656440503888E-022   5.7272656437953921E-022
   8.8348741151764357E-018   5.9361252132236843E-018   5.9361252132215912E-018
   2.4295903816735195E-016   2.4737647522494022E-016   2.4873351554195016E-016
   3.5339496460705743E-017   1.7669748230352871E-017   2.1080413507839579E-017
   2.4737647522494022E-016   2.5788068582076869E-016   2.5788068582076869E-016
   8.1501713712502621E-016   8.3931304094176135E-016   8.3907722818497682E-016
   3.5339496460705743E-017   3.3635827485964761E-017   3.3635827487941474E-017
   1.7669748230352871E-017   1.7669748230352871E-017   2.2076371299110751E-017
   1.1043592643970545E-018   1.8042281504860874E-022   1.8042281504870395E-022
   2.3854160110976374E-016   2.5085996984850346E-016   2.5085996984842349E-016
   1.5483116886846703E-015   1.5701934534111169E-015   1.5701934534111169E-015
   1.7669748230352871E-017   1.7669748230352871E-017   1.0892650928849271E-017
   3.4014265343429274E-016   3.2738974560215111E-016   3.2738974560215111E-016
   1.7669748230352871E-017   1.7669748230352871E-017   2.6380837232456169E-017
   9.7183615266940791E-017   9.7183615266940791E-017   9.6426109240787736E-017
   3.3130777931911635E-017   2.5668436629616065E-017   2.5668436629616065E-017
   7.0678992921411486E-017   5.3009244691058611E-017   5.8344138917116371E-017
   8.3931304094176135E-016   8.2606072976899670E-016   8.2697514727989880E-016
   2.2087185287941089E-018   3.9295442602407482E-020   3.9295442601258406E-020
   7.0678992921411486E-017   8.8348741151764360E-017   8.0023728373047055E-017
   1.7669748230352871E-017   3.0127637794598867E-021   3.0127637788694620E-021
   3.8431702401017495E-016   3.6949351932860844E-016   3.6949351932861909E-016
   1.5019285995799940E-016   1.5297530281797396E-016   1.5297530281797396E-016
   3.5339496460705743E-017   4.4174370575882180E-017   4.1585926796790168E-017
   4.6383089104676288E-017   5.2116730068192976E-017   5.2116730068192976E-017
   9.8950590089976087E-016   9.9171461942855493E-016   9.9250383641459992E-016
   5.3009244691058611E-017   5.7426681748646827E-017   5.7673784234068562E-017
   1.7669748230352871E-017   1.7669748230352871E-017   2.0183125137913166E-017
   1.7669748230352871E-017   4.3296220511992850E-018   4.3296220511992850E-018
   3.5339496460705743E-017   2.6504622345529306E-017   2.6847230404781772E-017
   4.4174370575882179E-018   1.1930724610443361E-017   1.1930724610443361E-017
   9.9834077501493730E-016   1.0150102718053090E-015   1.0150102718053090E-015
   1.7669748230352871E-017   1.7669748230352871E-017   1.4612156956816966E-017
   1.6013209333757289E-016   1.6937010738335529E-016   1.6937010738335529E-016
   3.5339496460705743E-017   3.5339496460705743E-017   3.4256030051978145E-017
   1.9436723053388158E-016   2.0320210464905801E-016   2.0666425537931032E-016
   8.8348741151764357E-018   7.2226202851509379E-018   7.2226202855071733E-018
   7.0678992921411486E-017   7.0678992921411486E-017   7.4056748822093501E-017
   1.4886762884072293E-015   1.4569259595558140E-015   1.4570485002921250E-015
   1.7669748230352871E-017   4.1130077367479910E-021   4.1130077365404555E-021
   6.2396298438433572E-016   6.4007320314293868E-016   6.4007320314295327E-016
   1.0425151455908195E-015   1.0646738759855958E-015   1.0646738759855958E-015
   1.7669748230352871E-017   1.7669748230352871E-017   8.9409523793845786E-018
   2.1203697876423444E-016   2.2087185287941088E-016   2.1847148964769261E-016
   8.8348741151764357E-018   5.5760688424462899E-018   5.5760688424462899E-018
   5.3009244691058611E-017   5.3009244691058611E-017   5.9498566200797493E-017
   8.8348741151764357E-018   2.8593231415663383E-019   2.8593231456398862E-019
   8.8348741151764357E-018   5.4419398623729106E-018   5.4419398623729106E-018
   1.2368823761247011E-016   1.0058977073519374E-016   1.0058977073519374E-016
   5.2567500985299795E-016   5.3156512500738114E-016   5.3156512500738114E-016
   6.1844118806235047E-016   6.2178148550742999E-016   6.2178148550742999E-016
   3.5339496460705743E-017   1.7669748230352871E-017   1.9374298065167123E-017
   3.5339496460705743E-017   3.5339496460705743E-017   3.5527571938079593E-017
   7.5096429978999701E-017   7.7539065644659037E-017   7.7539065644659037E-017
   3.5339496460705743E-017   3.5339496460705743E-017   4.4121143636480968E-017
   3.8431702401017495E-016   4.1082164635570424E-016   4.0917130953233058E-016
   4.4174370575882179E-018   1.2367430164899491E-018   1.2367430165507100E-018
   7.0678992921411486E-017   8.8348741151764360E-017   9.3469186085162304E-017
   8.8348741151764360E-017   7.0678992921411486E-017   7.2866637796019010E-017
   8.8348741151764357E-018   6.2669440438669296E-023   6.2669440545432359E-023
   2.2087185287941089E-018   3.4798512196152890E-025   3.4798513727635626E-025
   8.8348741151764357E-018   7.6223819067341634E-022   7.6223819073935997E-022
   6.6261555863823264E-018   2.1953777779124191E-018   2.1953777779123154E-018
   3.5339496460705744E-016   3.6443855725102798E-016   3.6526154001693730E-016
   2.2087185287941089E-018   2.1676848940150811E-020   2.1676848940150820E-020
   3.2689034226152810E-016   3.1230143118545915E-016   3.1230143118545915E-016
   7.2445967744446774E-016   7.2887711450205596E-016   7.2702997870698441E-016
   1.0601848938211722E-016   9.4974896738146683E-017   9.5144197028866543E-017
   2.2432297558065167E-019   1.7999007484827614E-027   1.7933600750532639E-027
   2.5621134934011665E-016   2.5201183634798751E-016   2.5201183634798751E-016
   1.6719999262971403E-015   1.6622255082057596E-015   1.6622255082057596E-015
   3.6664727577982209E-016   3.5601684005361004E-016   3.5601684005361004E-016
   7.9513867036587917E-017   8.8348741151764360E-017   8.6079561753214744E-017
   4.4174370575882180E-017   2.9845051165944095E-017   2.9845051165944101E-017
   3.5339496460705743E-017   5.3009244691058611E-017   5.6415329154994289E-017
   7.6421661096276168E-016   7.6200789243396753E-016   7.6170617530505360E-016
   8.8348741151764360E-017   1.2368823761247011E-016   1.1737964551072389E-016
   1.7669748230352871E-017   8.6953948723110733E-022   8.6953948729212414E-022
   8.8348741151764357E-018   5.9636558233878354E-023   5.9636558234290929E-023
   2.4516775669614606E-016   2.4686563717445939E-016   2.4686563717444362E-016
   8.8348741151764357E-018   8.8348741151764357E-018   8.5326745111790698E-018
   1.1485336349729365E-016   9.0209669515174766E-017   9.0209669515174766E-017
   1.7669748230352871E-017   1.7669748230352871E-017   1.4746228787115102E-017
   3.5339496460705743E-017   3.5339496460705743E-017   3.1191359824221764E-017
   8.3931304094176132E-017   6.6940078294544495E-017   6.6940078294544495E-017
   1.2898916208157595E-015   1.3307529135984506E-015   1.3305389147208575E-015
   2.2087185287941089E-018   2.5799648764412721E-024   2.5799439078707782E-024
   6.1844118806235055E-017   7.9513867036587917E-017   7.8559037386607077E-017
   1.1043592643970545E-018   4.8417330134186276E-024   4.8416722612813980E-024
   3.5339496460705743E-017   3.5339496460705743E-017   3.1869305213988476E-017
   1.7669748230352871E-017   2.2722577537942427E-018   2.2722577537942423E-018
   5.3009244691058611E-017   4.4174370575882180E-017   4.0974394880362009E-017
   5.5217963219852725E-018   5.0812797468246411E-018   5.0812797468246411E-018
   1.0612892530855694E-015   1.0816286066678129E-015   1.0816286066678129E-015
   1.7669748230352871E-017   1.7669748230352871E-017   1.4038053038880710E-017
   1.7669748230352871E-017   1.7669748230352871E-017   1.0720091615941835E-017
   1.8774107494749926E-016   1.8680950261292121E-016   1.8680950261292121E-016
   3.5339496460705743E-017   3.5339496460705743E-017   3.3051938189663081E-017
   1.8553235641870515E-016   1.8553235641870515E-016   1.8687026475138148E-016
   7.0678992921411486E-017   7.0678992921411486E-017   7.1668871985073726E-017
   1.3716142063811417E-015   1.3500792007253990E-015   1.3501462788563601E-015
   3.5339496460705743E-017   3.0113725485869284E-021   3.0113725473268974E-021
   1.7669748230352871E-017   5.0005562514471109E-021   5.0005562508690182E-021
   2.2087185287941089E-018   2.6352293766109419E-025   2.6352293858218764E-025
   6.8028530686858549E-016   6.3806534852221965E-016   6.3806534852220989E-016
   1.2280475020095245E-015   1.2407320950314574E-015   1.2407320950314574E-015
   3.5339496460705743E-017   1.7669748230352871E-017   9.5215169614760462E-018
   1.6786260818835226E-016   1.7669748230352872E-016   1.7946241831160475E-016
   1.7669748230352871E-017   8.0746082415645882E-018   8.0746082415645882E-018
   1.0601848938211722E-016   9.7183615266940791E-017   9.7679035673025906E-017
   7.5096429978999701E-017   7.1818633993117577E-017   7.1818633993117577E-017
   3.6664727577982209E-016   3.6138842774549206E-016   3.6138842774549206E-016
   6.6261555863823263E-016   6.6803999364854204E-016   6.6803999364854204E-016
   3.5339496460705743E-017   1.7669748230352871E-017   1.8641796844271328E-017
   2.6504622345529306E-017   3.5339496460705743E-017   3.1078165137995711E-017
   1.0601848938211722E-016   8.7203514533432026E-017   8.7203514533432026E-017
   3.5339496460705743E-017   3.5339496460705743E-017   4.2616194224248408E-017
   3.7989958695258673E-016   3.7548214989499852E-016   3.7362948853602371E-016
   4.4174370575882179E-018   1.6517336701976584E-018   1.6517336702170449E-018
   1.0601848938211722E-016   8.8348741151764360E-017   9.0523044559776378E-017
   1.3252311172764654E-016   1.3252311172764654E-016   1.3510404725240735E-016
   1.7669748230352871E-017   9.9904443399944260E-022   9.9904443410515133E-022
   4.9696166897867449E-016   5.2236193205980676E-016   5.2233020795676517E-016
   3.5339496460705743E-017   1.7669748230352871E-017   2.3577499588536317E-017
   3.7106471283741030E-016   3.7599448912344335E-016   3.7599448912344335E-016
   6.2285862511993869E-016   6.2727606217752690E-016   6.2681662661326533E-016
   1.7669748230352871E-017   1.4989847026506321E-017   1.4989847026343067E-017
   8.8348741151764360E-017   8.1581269094482706E-017   8.1581269094482706E-017
   2.2970672699458731E-016   2.5317208764386017E-016   2.5317208764386017E-016
   1.7559312303913165E-015   1.7582121126575519E-015   1.7582121126575519E-015
   3.8431702401017495E-016   3.8650127970692430E-016   3.8650127970692430E-016
   1.7669748230352871E-017   1.7669748230352871E-017   2.4495294082858886E-017
   7.0678992921411486E-017   7.9513867036587917E-017   7.6682307968660488E-017
   3.0922059403117527E-017   3.4528819417160443E-017   3.4528819417160443E-017
   3.5339496460705743E-017   5.3009244691058611E-017   5.4543461798325882E-017
   6.7586786981099727E-016   7.0016377362773251E-016   7.0092861939377990E-016
   4.4174370575882179E-018   1.1785929174494434E-019   1.1785929174495481E-019
   1.2368823761247011E-016   1.0601848938211722E-016   1.1375488357162584E-016
   8.8348741151764357E-018   4.8612991197571370E-022   4.8612991214754653E-022
   1.7007132671714637E-016   1.5901040419894673E-016   1.5901040419895213E-016
   8.8348741151764357E-018   1.7669748230352871E-017   1.7490429613695257E-017
   5.3009244691058611E-017   4.9890138567628185E-017   4.9890138567628185E-017
   1.7669748230352871E-017   1.7669748230352871E-017   1.5639070675720518E-017
   1.7669748230352871E-017   1.7669748230352871E-017   2.2946873155607092E-017
   1.0160105232452901E-016   8.5082974365777354E-017   8.5082974365777354E-017
   1.6432865854228170E-015   1.6490844715609015E-015   1.6490903867753743E-015
   3.5339496460705743E-017   3.5339496460705743E-017   3.5026774328845456E-017
   4.4174370575882179E-018   3.5212147447426246E-021   3.5212145635377901E-021
   3.5339496460705743E-017   4.4174370575882180E-017   4.8400003139691247E-017
   8.8348741151764357E-018   1.0850183291588659E-018   1.0850183291588663E-018
   8.8348741151764360E-017   6.1844118806235055E-017   6.0473932664185072E-017
   1.1419074793865543E-015   1.1514652708545083E-015   1.1514652708545083E-015
   1.7669748230352871E-017   1.7669748230352871E-017   1.3483421750081687E-017
   2.3191544552338141E-016   2.0558544893241347E-016   2.0558544893241347E-016
   1.7669748230352871E-017   3.5339496460705743E-017   3.1885081030085816E-017
   1.5902773407317583E-016   1.6786260818835226E-016   1.6870622535563486E-016
   6.6261555863823264E-018   1.0664356826942016E-017   1.0664356827177694E-017
   8.8348741151764360E-017   7.0678992921411486E-017   6.9350275499624951E-017
   1.2324649390671128E-015   1.2501346872974657E-015   1.2501333297766830E-015
   1.7669748230352871E-017   6.0357565214289223E-021   6.0357565206426275E-021
   6.2727606217752690E-016   6.3609832038090467E-016   6.3609832038089747E-016
   1.7669748230352871E-017   1.7669748230352871E-017   1.6219515809842534E-017
   1.2545521243550538E-015   1.2277889147384171E-015   1.2277889147384171E-015
   1.7669748230352871E-017   1.7669748230352871E-017   1.0134210002626563E-017
   1.4135798584282297E-016   1.5019285995799940E-016   1.4607314331132712E-016
   8.8348741151764357E-018   1.1420367502927809E-017   1.1420367502927809E-017
   1.4135798584282297E-016   1.5019285995799940E-016   1.5349528705235823E-016
   4.4174370575882179E-018   2.3749752601370195E-020   2.3749752764846014E-020
   5.0800526162264503E-017   5.0070461725745855E-017   5.0070461725745855E-017
   2.4295903816735195E-016   2.3804971414157758E-016   2.3804971414157758E-016
   7.1562480332929131E-016   7.1684153141756613E-016   7.1684153141756613E-016
   1.7669748230352871E-017   1.7669748230352871E-017   1.7933339248894463E-017
   8.8348741151764357E-018   2.6504622345529306E-017   2.7102886854340574E-017
   1.1043592643970544E-016   9.7766548737841017E-017   9.7766548737841017E-017
   5.3009244691058611E-017   3.5339496460705743E-017   4.1156712468583097E-017
   3.5339496460705744E-016   3.4014265343429274E-016   3.4075849473155499E-016
   4.4174370575882179E-018   2.1688586938330571E-018   2.1688586939327140E-018
   8.8348741151764360E-017   8.8348741151764360E-017   8.7661131727502298E-017
   2.2970672699458731E-016   2.3412416405217552E-016   2.3379526190589632E-016
   4.4174370575882179E-018   1.1877429227275719E-019   1.1877429227181325E-019
   1.7669748230352871E-017   1.7669748230352871E-017   1.7893384695453321E-017
   6.2506734364873284E-016   6.5116120599154668E-016   6.5116120599153494E-016
   1.7669748230352871E-017   1.7669748230352871E-017   1.9177219871495948E-017
   4.5275278717577994E-016   4.5020694595662641E-016   4.5020694595662641E-016
   5.1684013573782151E-016   5.3892732102576259E-016   5.3755166641883716E-016
   1.7669748230352871E-017   9.4618409358591958E-018   9.4618409349827667E-018
   5.3009244691058611E-017   5.7436890296964144E-017   5.7436890296964144E-017
   2.8271597168564594E-016   2.5434075190710666E-016   2.5434075190710666E-016
   1.8685758753598161E-015   1.8582599656214685E-015   1.8582599656214685E-015
   1.7669748230352871E-017   1.7669748230352871E-017   9.6009768317754417E-018
   4.1965652047088067E-016   4.1892161073535323E-016   4.1892161073535323E-016
   1.7669748230352871E-017   1.7669748230352871E-017   2.3597285374551835E-017
   6.1844118806235055E-017   7.0678992921411486E-017   6.8161668953657930E-017
   3.9756933518293958E-017   3.9761206481263624E-017   3.9761206481263624E-017
   7.0678992921411486E-017   5.3009244691058611E-017   5.2727001195395091E-017
   6.4052837335029155E-016   6.4494581040787976E-016   6.4437513794454325E-016
   1.0601848938211722E-016   1.0601848938211722E-016   1.1023250656721222E-016
   1.7669748230352871E-017   1.2057349820732178E-021   1.2057349808830736E-021
   8.8348741151764357E-018   2.5168733030301853E-022   2.5168733067513132E-022
   1.0601848938211722E-016   9.8034626440978916E-017   9.8034626440966134E-017
   4.4174370575882180E-017   3.5339496460705743E-017   3.2807580012478776E-017
   3.5339496460705743E-017   2.5426770726384687E-017   2.5426770726384687E-017
   3.5339496460705743E-017   1.7669748230352871E-017   1.6514050484315369E-017
   1.0601848938211722E-016   1.0711300736015386E-016   1.0711300736015386E-016
   1.4754239772344648E-015   1.4599629475329060E-015   1.4599409603558757E-015
   5.5217963219852723E-019   2.1606275757554418E-023   2.1606275526151487E-023
   8.8348741151764357E-018   8.8348741151764357E-018   4.7481886055000867E-018
   2.2087185287941089E-018   1.6886334554983404E-022   1.6886331613400068E-022
   3.5339496460705743E-017   7.0678992921411486E-017   7.1128502664612710E-017
   8.8348741151764357E-018   4.5621624433800265E-019   4.5621624433800323E-019
   7.0678992921411486E-017   8.8348741151764360E-017   8.6734164945227004E-017
   4.4174370575882179E-018   4.9856291842351886E-019   4.9856291842351866E-019
   1.1949167240776128E-015   1.2246190630060611E-015   1.2246190630060611E-015
   1.7669748230352871E-017   1.7669748230352871E-017   1.2947693468628278E-017
   2.3633288258096963E-016   2.2576548170361912E-016   2.2576548170361912E-016
   1.7669748230352871E-017   3.5339496460705743E-017   3.0754432190951141E-017
   1.7669748230352872E-016   1.5019285995799940E-016   1.5205891205387495E-016
   9.9392333795734896E-018   1.2804764932162261E-017   1.2804764931475269E-017
   7.0678992921411486E-017   7.0678992921411486E-017   6.7099101114068675E-017
   1.1617859461457012E-015   1.1562641498237160E-015   1.1566208888015109E-015
   1.1043592643970545E-018   9.7053124828773891E-022   9.7053124893385756E-022
   1.7669748230352871E-017   3.0118179637576436E-021   3.0118179650916815E-021
   4.4174370575882179E-018   2.3057214431634739E-024   2.3057214414395343E-024
   6.5378068452305620E-016   6.3417231160082556E-016   6.3417231160083069E-016
   3.5339496460705743E-017   1.7669748230352871E-017   1.2346358414112609E-017
   8.4373047799934956E-016   8.7657488335820836E-016   8.7657488335820836E-016
   1.7669748230352871E-017   1.7669748230352871E-017   1.0780550506542852E-017
   1.2368823761247011E-016   1.1485336349729365E-016   1.1771074012958991E-016
   1.3252311172764653E-017   1.5822866516838980E-017   1.5822866516838980E-017
   2.6504622345529308E-016   2.2970672699458731E-016   2.3254484695041253E-016
   6.6261555863823264E-018   3.3739741211416708E-021   3.3739741149702611E-021
   8.8348741151764357E-018   6.5632357819142763E-019   6.5632357819142744E-019
   8.8348741151764357E-018   3.3962115920743685E-017   3.3962115920743678E-017
   1.6234081186636700E-016   1.5106287850962196E-016   1.5106287850962196E-016
   7.5979917390517347E-016   7.6827600345967775E-016   7.6827600345967775E-016
   3.5339496460705743E-017   1.7669748230352871E-017   1.7248237713113356E-017
   1.7669748230352871E-017   1.7669748230352871E-017   2.3560050687810336E-017
   1.0601848938211722E-016   1.0928384657361296E-016   1.0928384657361296E-016
   1.7669748230352871E-017   3.5339496460705743E-017   3.9741460003549820E-017
   3.4014265343429274E-016   3.0922059403117524E-016   3.1038706565304394E-016
   7.0678992921411486E-017   8.8348741151764360E-017   8.4881194038309339E-017
   3.8431702401017495E-016   3.8431702401017495E-016   3.8284181664210562E-016
   1.7669748230352871E-017   1.6490893754100647E-021   1.6490893754428297E-021
   2.2087185287941089E-018   9.4186902783105456E-021   9.4186902778580363E-021
   3.5339496460705743E-017   1.7669748230352871E-017   2.4710757140954111E-017
   6.2838042144192393E-016   6.4894388060436936E-016   6.4894388060437586E-016
   5.3892732102576259E-016   5.3631597614745177E-016   5.3631597614745177E-016
   4.5941345398917461E-016   4.5941345398917461E-016   4.5838452384783191E-016
   4.4174370575882179E-018   8.2371836531426660E-019   8.2371836478141889E-019
   5.3009244691058611E-017   3.9408633969804377E-017   3.9408633969804377E-017
   2.3854160110976374E-016   2.5551785760125483E-016   2.5551785760125483E-016
   1.9856379573859039E-015   1.9624767871159798E-015   1.9624767871159798E-015
   1.7669748230352871E-017   1.7669748230352871E-017   9.2005502999170044E-018
   4.5941345398917461E-016   4.5335783402788713E-016   4.5335783402788713E-016
   1.7669748230352871E-017   1.7669748230352871E-017   2.2728005604412746E-017
   7.0678992921411486E-017   6.1844118806235055E-017   6.0449506632729172E-017
   4.4174370575882180E-017   4.5585433823156287E-017   4.5585433823156287E-017
   5.3009244691058611E-017   5.3009244691058611E-017   5.0964451624108274E-017
   6.0077143983199761E-016   5.9193656571682118E-016   5.9179221973769950E-016
   8.8348741151764360E-017   1.0601848938211722E-016   1.0680977415317803E-016
   1.7669748230352871E-017   7.6970971276895635E-022   7.6970971422224090E-022
   8.8348741151764357E-018   2.0225402769767230E-022   2.0225402768303845E-022
   5.3009244691058611E-017   5.7303318858384677E-017   5.7303318858383592E-017
   5.3009244691058611E-017   6.1844118806235055E-017   5.7433680812954388E-017
   1.7669748230352871E-017   1.1637162742369138E-017   1.1637162742369137E-017
   1.7669748230352871E-017   1.7669748230352871E-017   1.7566708927869071E-017
   1.7669748230352871E-017   1.7669748230352871E-017   1.1587956576879583E-017
   1.2810567467005832E-016   1.3366930002548375E-016   1.3366930002548375E-016
   1.2810567467005831E-015   1.2876829022869655E-015   1.2877779295020688E-015
   3.5339496460705743E-017   6.1844118806235055E-017   6.2800203648794020E-017
   1.0601848938211722E-016   1.0160105232452901E-016   1.0163237610764130E-016
   1.0601848938211722E-016   1.1927080055488187E-016   1.2135817249256622E-016
   4.4174370575882179E-018   8.6961606252200482E-020   8.6961606252200723E-020
   1.3219180394832742E-015   1.3011899380219945E-015   1.3011899380219945E-015
   1.7669748230352871E-017   1.7669748230352871E-017   1.2430313332338660E-017
   2.5842006786891076E-016   2.4741872044206603E-016   2.4741872044206603E-016
   3.5339496460705743E-017   3.5339496460705743E-017   2.9658991671638149E-017
   1.5019285995799940E-016   1.3252311172764654E-016   1.3682165174707074E-016
   1.3252311172764653E-017   1.5265090959192799E-017   1.5265090957272046E-017
   5.3009244691058611E-017   7.0678992921411486E-017   6.4913539390528217E-017
   1.0734372049939369E-015   1.0690197679363488E-015   1.0692396221400935E-015
   3.5339496460705743E-017   5.7808090656527251E-021   5.7808090657997270E-021
   4.4174370575882179E-018   5.1890032120344575E-024   5.1890032113795506E-024
   6.2285862511993869E-016   6.3228752485771692E-016   6.3228752485770272E-016
   1.7669748230352871E-017   1.7669748230352871E-017   9.2356361996314793E-018
   6.2727606217752690E-016   6.1015511320692955E-016   6.1015511320692955E-016
   9.7183615266940791E-017   9.7183615266940791E-017   9.3818380553832713E-017
   1.7669748230352871E-017   2.1527438734267384E-017   2.1527438734267384E-017
   3.2689034226152810E-016   3.4456009049188096E-016   3.4154327572822450E-016
   2.2087185287941089E-018   1.3058974177673991E-022   1.3058975100367128E-022
   1.7669748230352871E-017   1.7669748230352871E-017   1.8517291559491991E-017
   3.5339496460705743E-017   2.2309273864292378E-017   2.2309273864292378E-017
   7.0678992921411486E-017   9.1669914858397813E-017   9.1669914858397813E-017
   8.4814791505693778E-016   8.2243461050364094E-016   8.2243461050364094E-016
   3.5339496460705743E-017   1.7669748230352871E-017   1.6585822376547390E-017
   1.7669748230352871E-017   1.7669748230352871E-017   2.0410891223679506E-017
   1.1485336349729365E-016   1.2181277673463312E-016   1.2181277673463312E-016
   5.3009244691058611E-017   3.5339496460705743E-017   3.8369230419237581E-017
   2.7829853462805773E-016   2.8271597168564594E-016   2.8235327342325302E-016
   8.8348741151764360E-017   8.8348741151764360E-017   8.2181037874616174E-017
   5.9193656571682118E-016   6.0077143983199761E-016   5.9920491834552188E-016
   1.7669748230352871E-017   3.0104484120463790E-021   3.0104484127171669E-021
   1.7669748230352871E-017   3.5339496460705743E-017   3.3524043550449936E-017
   6.4605016967227689E-016   6.4676652670925312E-016   6.4676652670926889E-016
   6.3611093629270333E-016   6.3583949893530331E-016   6.3583949893530331E-016
   3.7989958695258673E-016   3.8873446106776316E-016   3.8849984272797866E-016
   4.4174370575882179E-018   1.3877946400132304E-018   1.3877946409975678E-018
   1.7669748230352871E-017   2.6241427372234209E-017   2.6241427372234209E-017
   2.2970672699458731E-016   2.5670343352604839E-016   2.5670343352604839E-016
   1.5350593775119057E-015   1.5478269176894157E-015   1.5478269176894157E-015
   4.9033551339229212E-016   4.8989138620010268E-016   4.8989138620010268E-016
   1.7669748230352871E-017   1.7669748230352871E-017   2.1886646792794952E-017
   6.1844118806235055E-017   5.3009244691058611E-017   5.3481992557513372E-017
   6.1844118806235055E-017   5.2046475674642206E-017   5.2046475674642206E-017
   5.3009244691058611E-017   5.3009244691058611E-017   4.9254356204187591E-017
   5.0800526162264508E-016   5.4334475808335081E-016   5.4293954179446005E-016
   8.8348741151764360E-017   1.0601848938211722E-016   1.0348401989879208E-016
   8.8348741151764357E-018   4.8182727836432378E-023   4.8182728000082509E-023
   8.8348741151764357E-018   2.8675948435037032E-022   2.8675948434144122E-022
   2.6504622345529306E-017   3.1344616471652857E-017   3.1344616471657153E-017
   8.8348741151764360E-017   9.7183615266940791E-017   9.5141450436505004E-017
   8.8348741151764357E-018   4.5929441742581442E-018   4.5929441742581442E-018
   1.7669748230352871E-017   1.7669748230352871E-017   1.8605831328579366E-017
   1.6344517113076405E-016   1.6546902529514438E-016   1.6546902529514438E-016
   1.1396987608577602E-015   1.1308638867425838E-015   1.1315398251012462E-015
   2.2087185287941089E-018   3.3231671334941105E-021   3.3231671362773904E-021
   9.0557459680558468E-017   7.1730492700627093E-017   7.1730492700933270E-017
   8.8348741151764360E-017   3.9756933518293958E-017   3.8155692140349617E-017
   5.5217963219852725E-018   4.2615166977457527E-020   4.2615166977458003E-020
   1.7669748230352872E-016   1.6565388965955816E-016   1.6617754965802933E-016
   2.2087185287941089E-018   5.8384090253687586E-021   5.8384083323696148E-021
   1.3948057509334797E-015   1.3812789877701967E-015   1.3812789877701967E-015
   1.7669748230352871E-017   1.7669748230352871E-017   1.1930740863371993E-017
   2.4295903816735195E-016   2.7061585182457256E-016   2.7061585182457256E-016
   3.5339496460705743E-017   3.5339496460705743E-017   2.8597785146719676E-017
   1.3252311172764654E-016   1.2368823761247011E-016   1.2289400347086130E-016
   1.1043592643970545E-017   1.8077675997990361E-017   1.8077675997990361E-017
   5.3009244691058611E-017   7.0678992921411486E-017   6.2791828208275803E-017
   9.7625358972699613E-016   9.8729718237096662E-016   9.8763873482780255E-016
   2.2087185287941089E-018   8.0033121207173396E-021   8.0033121243914181E-021
   6.1402375100476226E-016   6.3044417293083114E-016   6.3044417293083716E-016
   4.3290883164364532E-016   4.1239934257575897E-016   4.1239934257575897E-016
   1.7669748230352871E-017   1.7669748230352871E-017   1.2180568961457893E-017
   8.8348741151764360E-017   7.0678992921411486E-017   7.3875231724290947E-017
   1.3252311172764653E-017   2.8819193315308924E-017   2.8819193315308924E-017
   4.9475295044988044E-016   4.9033551339229212E-016   4.8844077181416094E-016
   1.3804490804963181E-019   4.9517358761272393E-028   4.9560073970852240E-028
   5.3009244691058611E-017   2.6504622345529306E-017   2.7161841073552824E-017
   1.7669748230352871E-017   1.4109724768029312E-017   1.4109724768029312E-017
   4.4174370575882180E-017   5.2673515774440746E-017   5.2673515774440746E-017
   8.8348741151764350E-016   8.7940982970231600E-016   8.7940982970231600E-016
   3.5339496460705743E-017   1.7669748230352871E-017   1.5945440627922419E-017
   3.5339496460705743E-017   1.7669748230352871E-017   1.7619404577061081E-017
   1.3376551590009322E-016   1.3541238557973709E-016   1.3541238557973709E-016
   3.5339496460705743E-017   3.5339496460705743E-017   3.7038848389964608E-017
   2.7388109757046951E-016   2.5621134934011665E-016   2.5650408207389814E-016
   8.8348741151764357E-018   4.5105997598813906E-018   4.5105997599499498E-018
   7.0678992921411486E-017   8.8348741151764360E-017   7.9558527799185531E-017
   8.9232228563281993E-016   9.0336587827679062E-016   9.0317404077940710E-016
   3.5339496460705743E-017   3.0106672164987524E-021   3.0106672166743825E-021
   1.7669748230352871E-017   2.6018280257573208E-021   2.6018280258292626E-021
   1.7669748230352871E-017   3.5339496460705743E-017   2.8940521955072137E-017
   6.6371991790262975E-016   6.4462929045736737E-016   6.4462929045738176E-016
   7.5096429978999704E-016   7.5044758795920721E-016   7.5044758795920721E-016
   3.3572521637670453E-016   3.2689034226152810E-016   3.2711773983370920E-016
   5.5217963219852723E-019   2.2313904366974113E-018   2.2313904366974109E-018
   1.7669748230352871E-017   1.7669748230352871E-017   1.6286993783953308E-017
   1.7669748230352871E-017   1.6869431765686035E-017   1.6869431765686035E-017
   2.2087185287941088E-016   1.9672627261898559E-016   1.9672627261898559E-016
   1.1396987608577602E-015   1.1342471276136429E-015   1.1342471276136429E-015
   5.3009244691058616E-016   5.2860512053615604E-016   5.2860512053615604E-016
   1.7669748230352871E-017   1.7669748230352871E-017   2.1072421721814763E-017
   5.3009244691058611E-017   4.4174370575882180E-017   4.7199386871027803E-017
   6.6261555863823270E-017   5.9191054018699202E-017   5.9191054018699202E-017
   3.5339496460705743E-017   5.3009244691058611E-017   4.7595295881266841E-017
   4.9917038750746865E-016   4.9917038750746865E-016   4.9758935574015494E-016
   8.8348741151764360E-017   1.0601848938211722E-016   1.0025264921878092E-016
   2.6504622345529306E-017   8.8348741151764357E-018   1.3158848352118318E-017
   8.8348741151764357E-018   2.7190263934715522E-022   2.7190263858364742E-022
   2.7608981609926362E-019   1.5750545420180824E-017   1.5750545420173098E-017
   1.7228004524594048E-016   1.5019285995799940E-016   1.5064051596152491E-016
   4.4174370575882179E-018   1.4592932006613744E-018   1.4592932006613744E-018
   3.5339496460705743E-017   1.7669748230352871E-017   1.9698189267252294E-017
   1.8553235641870515E-016   2.0331438489522312E-016   2.0331438489522312E-016
   9.8508846384217256E-016   9.8950590089976087E-016   9.9019822041247320E-016
   6.8470274392617378E-017   5.1563973645596582E-017   5.1563973646011215E-017
   3.5339496460705743E-017   4.4174370575882179E-018   6.4116816659662866E-018
   1.9436723053388158E-016   2.2308057140820498E-016   2.2326584617406231E-016
   1.4467106363601412E-015   1.4649884223376050E-015   1.4649884223376050E-015
   1.7669748230352871E-017   1.7669748230352871E-017   1.1448449626372432E-017
   2.9817700138720470E-016   2.9542911238923339E-016   2.9542911238923339E-016
   1.7669748230352871E-017   3.5339496460705743E-017   2.7569863330436424E-017
   1.2368823761247011E-016   1.0601848938211722E-016   1.1018145253204063E-016
   2.8713340874323413E-017   2.1276608900265373E-017   2.1276608900265373E-017
   8.8348741151764360E-017   5.3009244691058611E-017   6.0732251903579449E-017
   9.0778331533437874E-016   9.1220075239196705E-016   9.1148511344651657E-016
   2.2087185287941089E-018   1.7617334031359972E-020   1.7617334035307012E-020
   3.5339496460705743E-017   3.5339496460705743E-017   3.5614509163057433E-017
   1.7669748230352871E-017   3.0124923479987987E-021   3.0124923491215662E-021
   4.4174370575882179E-018   1.9248981055427198E-023   1.9248981055428755E-023
   5.8751912865923296E-016   5.7527546150611570E-016   5.7527546150611334E-016
   2.8271597168564594E-016   2.6928038406593646E-016   2.6928038406593646E-016
   4.4174370575882180E-017   5.3009244691058611E-017   5.7396283437850707E-017
   3.8652574253896904E-017   3.8027263545200102E-017   3.8027263545200102E-017
   6.8028530686858549E-016   6.8470274392617370E-016   6.8254259867576116E-016
   1.7669748230352871E-017   3.5339496460705743E-017   3.8790294306454545E-017
   4.4174370575882179E-018   1.6066790375492961E-020   1.6066790231982568E-020
   1.7669748230352871E-017   1.7669748230352871E-017   1.0967987472411249E-017
   3.5339496460705743E-017   1.7669748230352871E-017   1.5341630428851165E-017
   3.0922059403117527E-017   2.8273390970632991E-017   2.8273390970632991E-017
   9.1882690797834923E-016   9.3929539526131899E-016   9.3929539526131899E-016
   3.5339496460705743E-017   1.7669748230352871E-017   1.5326456692774318E-017
   1.5295375811899205E-016   1.5014338369533223E-016   1.5014338369533223E-016
   1.7669748230352871E-017   3.5339496460705743E-017   3.5749168895121660E-017
   2.4737647522494022E-016   2.2970672699458731E-016   2.3269492432619741E-016
   8.8348741151764357E-018   5.6218120836388950E-018   5.6218120834355707E-018
   7.0678992921411486E-017   7.0678992921411486E-017   7.7011584993311548E-017
   1.3274398358052595E-015   1.3186049616900831E-015   1.3186266995699417E-015
   1.7669748230352871E-017   3.0108868485840588E-021   3.0108868501573232E-021
   6.4273709187908571E-016   6.4253232646137566E-016   6.4253232646138463E-016
   8.9894844121920231E-016   8.8197468704052112E-016   8.8197468704052112E-016
   2.8271597168564594E-016   2.7388109757046951E-016   2.7349402431621758E-016
   2.2087185287941089E-018   8.1911190092748369E-019   8.1911190189870050E-019
   1.7669748230352871E-017   1.0399083547849785E-017   1.0399083547849783E-017
   1.3694054878523476E-016   1.4656891025774488E-016   1.4656891025774488E-016
   8.3931304094176135E-016   8.1465804083313825E-016   8.1465804083313825E-016
   5.8751912865923296E-016   5.6958328763135695E-016   5.6958328763135695E-016
   4.4174370575882180E-017   4.4174370575882180E-017   4.1545827077697308E-017
   7.7305148507793809E-017   6.7067632227158817E-017   6.7067632227158817E-017
   3.5339496460705743E-017   5.3009244691058611E-017   4.5985888367348791E-017
   4.4616114281640997E-016   4.5499601693158640E-016   4.5552590157703380E-016
   4.4174370575882179E-018   8.5247551225117376E-019   8.5247551222977668E-019
   8.8348741151764360E-017   8.8348741151764360E-017   9.7113137339323668E-017
   2.6504622345529306E-017   2.6504622345529306E-017   3.0869184846212172E-017
   8.8348741151764357E-018   1.4702648161469387E-022   1.4702648219909260E-022
   4.4174370575882179E-018   4.0019451001121810E-024   4.0019450632096261E-024
   1.3252311172764653E-017   7.0734957655725167E-018   7.0734957655685724E-018
   2.1203697876423444E-016   2.2970672699458731E-016   2.2969525504244080E-016
   3.5339496460705743E-017   1.7669748230352871E-017   2.0846175252702079E-017
   2.3854160110976374E-016   2.4810008206285235E-016   2.4810008206285235E-016
   8.6360894475849658E-016   8.6360894475849658E-016   8.6275813657547137E-016
   5.3009244691058611E-017   3.6192584524436275E-017   3.6192584525098295E-017
   2.5621134934011665E-016   2.5063277217661297E-016   2.5063277217659709E-016
   1.5461029701558762E-015   1.5524215521001240E-015   1.5524215521001240E-015
   1.7669748230352871E-017   1.7669748230352871E-017   1.0982926870727898E-017
   3.3351649784791042E-016   3.2193227077498442E-016   3.2193227077498442E-016
   3.5339496460705743E-017   3.5339496460705743E-017   2.6574301305253480E-017
   1.1485336349729365E-016   9.7183615266940791E-017   9.8595118193541073E-017
   8.8348741151764357E-018   2.4897732074358518E-017   2.4897732074358518E-017
   7.0678992921411486E-017   5.3009244691058611E-017   5.8733139386650018E-017
   8.6581766328729064E-016   8.4152175947055550E-016   8.4046251747642666E-016
   8.8348741151764360E-017   7.0678992921411486E-017   7.0620259000403425E-017
   1.7669748230352871E-017   3.0127188140822596E-021   3.0127188157298509E-021
   8.8348741151764357E-018   3.3234416991974768E-023   3.3234416992077841E-023
   3.9756933518293960E-016   3.9869251733039783E-016   3.9869251733040562E-016
   1.6344517113076405E-016   1.6875277173192043E-016   1.6875277173192043E-016
   5.3009244691058611E-017   4.4174370575882180E-017   4.3932096938622967E-017
   4.8591807633470396E-017   4.9529361061144621E-017   4.9529361061144621E-017
   9.2324434503593754E-016   9.3428793767990803E-016   9.3463345558541933E-016
   3.5339496460705743E-017   5.3009244691058611E-017   5.4125417682320697E-017
   2.2087185287941089E-018   1.6533836849826973E-021   1.6533840790931292E-021
   1.7669748230352871E-017   1.7669748230352871E-017   1.8339976335458791E-017
   1.7669748230352871E-017   2.6504622345529306E-017   2.4579529254288429E-017
   6.6261555863823264E-018   1.3906227264864931E-017   1.3906227264864931E-017
   9.9834077501493730E-016   1.0021862787768123E-015   1.0021862787768123E-015
   1.7669748230352871E-017   1.7669748230352871E-017   1.4728251191352470E-017
   1.7669748230352871E-017   1.7669748230352871E-017   1.2978334470823680E-017
   1.5019285995799940E-016   1.6606813170612492E-016   1.6606813170612492E-016
   3.5339496460705743E-017   3.5339496460705743E-017   3.4499076376440333E-017
   2.0320210464905801E-016   2.1203697876423444E-016   2.1078929720921273E-016
   1.7669748230352871E-017   6.9360232162221537E-018   6.9360232160252158E-018
   7.0678992921411486E-017   7.0678992921411486E-017   7.4538185571848025E-017
   1.5173896292815529E-015   1.4790131448437552E-015   1.4790791500328615E-015
   2.7608981609926362E-019   7.4714964831131223E-026   7.4715127201934212E-026
   1.7669748230352871E-017   3.0111073123199343E-021   3.0111073140870634E-021
   1.7669748230352871E-017   3.9532451453841266E-021   3.9532451453929159E-021
   2.2087185287941089E-018   3.6910906917162491E-026   3.6910907258091180E-026
   6.0850195468277701E-016   6.4047579807207392E-016   6.4047579807206119E-016
   1.0115930861877019E-015   1.0324326895874798E-015   1.0324326895874798E-015
   2.2970672699458731E-016   2.2970672699458731E-016   2.2692037761130426E-016
   3.5339496460705743E-017   5.3009244691058611E-017   5.3612142996640738E-017
   8.8348741151764357E-018   3.4582461324350505E-019   3.4582461230581280E-019
   1.1927080055488187E-016   1.0725800917855171E-016   1.0725800917855171E-016
   5.9635400277440939E-016   5.7187838406007660E-016   5.7187838406007660E-016
   6.0960631394717404E-016   6.1291151606811555E-016   6.1291151606811555E-016
   1.7669748230352871E-017   1.7669748230352871E-017   1.9522324492993292E-017
   1.7669748230352871E-017   3.5339496460705743E-017   3.6469126137392295E-017
   7.9513867036587917E-017   7.5726407479513485E-017   7.5726407479513485E-017
   5.3009244691058611E-017   5.3009244691058611E-017   4.4424787158647675E-017
   4.1965652047088067E-016   4.1523908341329246E-016   4.1654484744743645E-016
   1.0601848938211722E-016   8.8348741151764360E-017   9.4063026903415624E-017
   6.1844118806235055E-017   6.1844118806235055E-017   6.3851055057594796E-017
   8.8348741151764357E-018   7.2915919839031120E-023   7.2915918962756306E-023
   6.6261555863823264E-018   2.7182315144167797E-018   2.7182315144207247E-018
   3.1363803108876345E-016   3.4014265343429274E-016   3.3924687622682742E-016
   3.5339496460705743E-017   1.7669748230352871E-017   2.2052280416545495E-017
   3.0038571991599880E-016   3.0082132293184404E-016   3.0082132293184404E-016
   7.2887711450205596E-016   7.4654686273240882E-016   7.4825843058297446E-016
   4.4174370575882179E-018   9.7398171394806789E-020   9.7398171365753522E-020
   1.0601848938211722E-016   7.2887711450205593E-017   7.3496781215586102E-017
   2.5621134934011665E-016   2.5178298091076316E-016   2.5178298091076316E-016
   1.6587476151243758E-015   1.6436827636841248E-015   1.6436827636841248E-015
   3.5339496460705744E-016   3.5020060972065680E-016   3.5020060972065680E-016
   3.5339496460705743E-017   1.7669748230352871E-017   2.5610197893228333E-017
   7.0678992921411486E-017   8.8348741151764360E-017   8.8051474224335963E-017
   2.6504622345529306E-017   2.8978644968889571E-017   2.8978644968889571E-017
   3.5339496460705743E-017   5.3009244691058611E-017   5.6792863272020176E-017
   7.6421661096276168E-016   7.7526020360673217E-016   7.7427079810222530E-016
   1.2368823761247011E-016   1.2368823761247011E-016   1.1811012230434626E-016
   2.7167237904167540E-016   2.6812349389143420E-016   2.6812349389142488E-016
   1.1485336349729365E-016   1.0062572433549767E-016   1.0062572433549767E-016
   3.5339496460705743E-017   3.5339496460705743E-017   3.3068467730975717E-017
   5.7426681748646827E-017   6.3756656832267932E-017   6.3756656832267932E-017
   1.2412998131822893E-015   1.2567608428838479E-015   1.2571059176447250E-015
   5.3009244691058611E-017   7.5096429978999701E-017   7.4001682327562327E-017
   1.7669748230352871E-017   2.6504622345529306E-017   2.9208607691946698E-017
   2.2087185287941089E-018   2.5991694474320467E-018   2.5991694474320463E-018
   1.7669748230352871E-017   3.5339496460705743E-017   3.7789460167625132E-017
   8.8348741151764357E-018   6.0892108888525036E-018   6.0892108888525036E-018
   1.0808916300286171E-015   1.0681786699153666E-015   1.0681786699153666E-015
   1.7669748230352871E-017   1.7669748230352871E-017   1.4150220743894743E-017
   1.7669748230352871E-017   1.7669748230352871E-017   1.1069213381139657E-017
   1.7669748230352872E-016   1.8325062548691654E-016   1.8325062548691654E-016
   5.3009244691058611E-017   3.5339496460705743E-017   3.3287483994438324E-017
   1.9436723053388158E-016   1.9436723053388158E-016   1.9065837538693918E-016
   8.8348741151764357E-018   8.4783496761795572E-018   8.4783496759608856E-018
   3.5339496460705743E-017   7.0678992921411486E-017   7.2136359100596043E-017
   1.4003275472554650E-015   1.3705098471167446E-015   1.3707642391629813E-015
   6.3390221776390928E-016   6.3845987757924014E-016   6.3845987757924546E-016
   1.1838731314336424E-015   1.2040249473375851E-015   1.2040249473375851E-015
   1.6786260818835226E-016   1.8553235641870515E-016   1.8672448971080957E-016
   7.0678992921411486E-017   8.8348741151764360E-017   8.8873837754569114E-017
   8.8348741151764357E-018   3.3516768755295386E-018   3.3516768755295383E-018
   7.0678992921411486E-017   7.6912975243436974E-017   7.6912975243436974E-017
   3.9756933518293960E-016   3.9101628647668433E-016   3.9101628647668433E-016
   6.6261555863823263E-016   6.5867679297821061E-016   6.5867679297821061E-016
   5.3009244691058611E-017   3.5339496460705743E-017   3.1920579495063450E-017
   9.2766178209352576E-017   8.5219302030196930E-017   8.5219302030196930E-017
   3.5339496460705743E-017   3.5339496460705743E-017   4.2910680586213371E-017
   3.8431702401017495E-016   3.7989958695258673E-016   3.8045275420308886E-016
   4.4174370575882179E-018   1.5619206482509681E-018   1.5619206481711648E-018
   7.0678992921411486E-017   8.8348741151764360E-017   9.1099926502833968E-017
   1.2368823761247011E-016   1.2368823761247011E-016   1.2026970715456595E-016
   1.1043592643970545E-018   2.2518094227356107E-026   2.2518092996618547E-026
   4.6824832810435104E-016   4.8702243559910103E-016   4.8753988461131211E-016
   1.7669748230352871E-017   1.7669748230352871E-017   2.3319098546879485E-017
   3.6222983872223387E-016   3.6258238347473979E-016   3.6258238347473979E-016
   6.5819812158064441E-016   6.4494581040787976E-016   6.4577216346820966E-016
   4.4174370575882179E-018   2.0949206648381014E-019   2.0949206639768539E-019
   8.8348741151764360E-017   8.7213522043042815E-017   8.7213522043042815E-017
   2.3854160110976374E-016   2.5294156890840735E-016   2.5294156890840735E-016
   1.7316353265745813E-015   1.7388775101373630E-015   1.7388775101373630E-015
   1.7669748230352871E-017   1.7669748230352871E-017   1.0100202213431959E-017
   3.5781240166464566E-016   3.8031090776463837E-016   3.8031090776463837E-016
   1.7669748230352871E-017   1.7669748230352871E-017   2.4676675054612815E-017
   9.7183615266940791E-017   7.9513867036587917E-017   7.8472081745080060E-017
   4.4174370575882180E-017   3.3558705784638862E-017   3.3558705784638862E-017
   7.0678992921411486E-017   5.3009244691058611E-017   5.4909838616145662E-017
   7.1562480332929131E-016   7.1341608480049716E-016   7.1262515571009018E-016
   2.2087185287941089E-018   1.0683118827247312E-019   1.0683118827247350E-019
   1.0601848938211722E-016   1.0601848938211722E-016   1.1446474562978303E-016
   8.8348741151764357E-018   5.4849605909417461E-022   5.4849605890443957E-022
   1.7559312303913167E-016   1.7404810769237192E-016   1.7404810769237838E-016
   4.6383089104676288E-017   5.6430196583944926E-017   5.6430196583944926E-017
   1.7669748230352871E-017   1.7669748230352871E-017   1.5458557647591632E-017
   3.5339496460705743E-017   1.7669748230352871E-017   2.4425994386512186E-017
   8.3931304094176132E-017   8.1199011273788124E-017   8.1199011273788124E-017
   1.6918783930562874E-015   1.6640623440842866E-015   1.6640930701621741E-015
   6.9022454024815904E-020   5.0220444991148473E-031   4.5317278815987792E-031
   5.3009244691058611E-017   5.3009244691058611E-017   5.4163190930100232E-017
   4.4174370575882179E-018   5.4243804274820526E-021   5.4243808046992686E-021
   5.3009244691058611E-017   4.4174370575882180E-017   4.4678938625465043E-017
   8.8348741151764357E-018   1.2672923178319297E-018   1.2672923178319295E-018
   7.0678992921411486E-017   5.3009244691058611E-017   5.6120999675065240E-017
   1.1319682460069808E-015   1.1373699567550161E-015   1.1373699567550161E-015
   1.7669748230352871E-017   1.7669748230352871E-017   9.3984179879151544E-018
   2.0099338612026391E-016   2.0175648071338860E-016   2.0175648071338860E-016
   1.7669748230352871E-017   3.5339496460705743E-017   3.2113332835879492E-017
   1.7669748230352872E-016   1.6786260818835226E-016   1.7218064165819115E-016
   1.3252311172764653E-017   1.0275606720157801E-017   1.0275606720806029E-017
   5.3009244691058611E-017   7.0678992921411486E-017   6.9804187018187085E-017
   1.2832654652293774E-015   1.2689087947922156E-015   1.2694180032215496E-015
   3.5339496460705743E-017   3.0115507347433926E-021   3.0115507366301870E-021
   2.2087185287941089E-018   7.0549494758632785E-025   7.0549494657546350E-025
   6.4936324746546798E-016   6.3648474649328685E-016   6.3648474649330292E-016
   1.3031439319885243E-015   1.3089847158103828E-015   1.3089847158103828E-015
   1.7669748230352871E-017   1.7669748230352871E-017   1.0010208934527851E-017
   1.5902773407317583E-016   1.5019285995799940E-016   1.5227014731722530E-016
   8.8348741151764357E-018   1.0680753816585091E-017   1.0680753816585091E-017
   1.2368823761247011E-016   1.4135798584282297E-016   1.4078521964775410E-016
   4.4174370575882179E-018   3.2380424796463769E-020   3.2380424852420761E-020
   8.8348741151764357E-018   1.7021549502247856E-018   1.7021549502247856E-018
   5.3009244691058611E-017   5.3889983287422962E-017   5.3889983287422962E-017
   2.6062878639770486E-016   2.5928942405017609E-016   2.5928942405017609E-016
   7.0237249215652667E-016   7.0696744446912648E-016   7.0696744446912648E-016
   1.7669748230352871E-017   1.7669748230352871E-017   1.8071811377409690E-017
   2.6504622345529306E-017   2.6504622345529306E-017   2.7854780677955260E-017
   9.2766178209352576E-017   9.5599953401405422E-017   9.5599953401405422E-017
   5.3009244691058611E-017   3.5339496460705743E-017   4.1442290861467030E-017
   3.4456009049188096E-016   3.4897752754946922E-016   3.4706656378386448E-016
   1.0601848938211722E-016   8.8348741151764360E-017   8.8221508492926655E-017
   2.2087185287941088E-016   2.1203697876423444E-016   2.1072732553170871E-016
   8.8348741151764357E-018   1.2148022311871068E-023   1.2148022025727048E-023
   1.3804490804963181E-019   1.3781196330578829E-031   1.3789528878589429E-031
   1.7669748230352871E-017   1.7669748230352871E-017   1.6746248898429231E-017
   6.2396298438433572E-016   6.5160520061166098E-016   6.5160520061166069E-016
   4.3290883164364532E-016   4.3460578163329297E-016   4.3460578163329297E-016
   5.9193656571682118E-016   5.5659706925611545E-016   5.5440694629540933E-016
   4.4174370575882179E-018   4.0836747085694509E-019   4.0836747046197586E-019
   1.7669748230352871E-017   1.0400948305161026E-017   1.0400948304828808E-017
   5.3009244691058611E-017   6.1690904285657393E-017   6.1690904285657393E-017
   2.2087185287941088E-016   2.5410856427115836E-016   2.5410856427115836E-016
   1.8332363788991103E-015   1.8381122858365450E-015   1.8381122858365450E-015
   4.4616114281640997E-016   4.1234142065319557E-016   4.1234142065319557E-016
   1.7669748230352871E-017   1.7669748230352871E-017   2.3772877277599547E-017
   7.0678992921411486E-017   7.0678992921411486E-017   6.9783333893649069E-017
   2.6504622345529306E-017   3.8679031378296408E-017   3.8679031378296408E-017
   3.5339496460705743E-017   5.3009244691058611E-017   5.3082521725738636E-017
   6.7586786981099727E-016   6.5378068452305620E-016   6.5525543004219425E-016
   8.8348741151764360E-017   1.0601848938211722E-016   1.1092230572841927E-016
   8.8348741151764357E-018   2.8878348962866379E-022   2.8878348979645000E-022
   8.8348741151764357E-018   1.2859453459654436E-022   1.2859453459071050E-022
   1.1927080055488187E-016   1.0831297207714458E-016   1.0831297207714721E-016
   2.6504622345529306E-017   2.6504622345529306E-017   2.9138396988955687E-017
   3.5339496460705743E-017   2.9279780396706958E-017   2.9279780396706958E-017
   1.7669748230352871E-017   1.7669748230352871E-017   1.6388611628841652E-017
   3.5339496460705743E-017   1.7669748230352871E-017   1.7659544638616495E-017
   1.0160105232452901E-016   1.0241057756661651E-016   1.0241057756661651E-016
   1.4754239772344648E-015   1.4958546236258102E-015   1.4960289222455198E-015
   8.8348741151764357E-018   4.4174370575882179E-018   3.5578252132340806E-018
   5.3009244691058611E-017   6.1844118806235055E-017   6.6061650717243792E-017
   8.8348741151764360E-017   7.9513867036587917E-017   8.0921583958751691E-017
   4.4174370575882179E-018   6.6233196298614097E-019   6.6233196298614097E-019
   1.2468216095042744E-015   1.2098587066099254E-015   1.2098587066099254E-015
   1.9878466759146980E-016   2.2165291694538920E-016   2.2165291694538920E-016
   3.5339496460705743E-017   3.5339496460705743E-017   3.0975591210278233E-017
   1.5019285995799940E-016   1.5902773407317583E-016   1.5524153365465514E-016
   1.2147951908367599E-017   1.2356324134716784E-017   1.2356324134025228E-017
   5.3009244691058611E-017   7.0678992921411486E-017   6.7539801240958047E-017
   1.1816644129048483E-015   1.1750382573184659E-015   1.1746477190984234E-015
   1.1043592643970545E-018   7.4208702569264462E-022   7.4208702433877031E-022
   4.4174370575882179E-018   1.9306904654348824E-024   1.9306904671040381E-024
   6.4273709187908571E-016   6.3455059579178296E-016   6.3455059579177054E-016
   3.5339496460705743E-017   1.7669748230352871E-017   1.3049303445972807E-017
   9.4533153032387852E-016   9.3886727643480537E-016   9.3886727643480537E-016
   1.7669748230352871E-017   1.7669748230352871E-017   1.0649760070312506E-017
   1.2368823761247011E-016   1.2368823761247011E-016   1.2295726886233286E-016
   2.6504622345529306E-017   1.4855611699600239E-017   1.4855611699600239E-017
   2.0320210464905801E-016   2.1203697876423444E-016   2.1473584115149380E-016
   4.4174370575882179E-018   5.3026227986781178E-021   5.3026227476510726E-021
   1.7669748230352871E-017   8.8348741151764357E-018   1.1225909233311067E-017
   3.7548214989499851E-017   3.6764496478817299E-017   3.6764496478817299E-017
   1.3307529135984505E-016   1.6584915043450666E-016   1.6584915043450666E-016
   7.7305148507793811E-016   7.5787311611168957E-016   7.5787311611168957E-016
   5.3009244691058611E-017   1.7669748230352871E-017   2.4229445060820337E-017
   1.0601848938211722E-016   1.0692370360172039E-016   1.0692370360172039E-016
   5.3009244691058611E-017   3.5339496460705743E-017   4.0018373186609536E-017
   3.2247290520393988E-016   3.1805546814635167E-016   3.1621311019287442E-016
   4.4174370575882179E-018   2.6687230416128325E-018   2.6687230416235464E-018
   8.8348741151764360E-017   8.8348741151764360E-017   8.5425507246984214E-017
   3.5781240166464566E-016   3.4897752754946922E-016   3.4855197012933395E-016
   3.5339496460705743E-017   3.0101873541204086E-021   3.0101873543127619E-021
   1.7669748230352871E-017   1.5726117924844032E-021   1.5726117927190051E-021
   1.7669748230352871E-017   1.7669748230352871E-017   2.3214332687123152E-017
   6.4163273261468868E-016   6.4937997330798370E-016   6.4937997330797532E-016
   3.5339496460705743E-017   1.7669748230352871E-017   1.0356171186962430E-017
   5.3671860249696843E-016   5.1824209730572923E-016   5.1824209730572923E-016
   4.6824832810435104E-016   4.7266576516193926E-016   4.7330526100255737E-016
   4.4174370575882179E-018   7.3810095186723465E-019   7.3810095218579059E-019
   3.5339496460705743E-017   4.2557007412047911E-017   4.2557007412047911E-017
   2.6504622345529308E-016   2.5528399540337618E-016   2.5528399540337618E-016
   1.9392548682812275E-015   1.9414946099440539E-015   1.9414946099440539E-015
   4.4616114281640997E-016   4.4637186258969965E-016   4.4637186258969965E-016
   1.7669748230352871E-017   1.7669748230352871E-017   2.2897971010786526E-017
   7.0678992921411486E-017   6.1844118806235055E-017   6.1916211727506450E-017
   5.7426681748646827E-017   4.4382495508609268E-017   4.4382495508609268E-017
   5.3009244691058611E-017   5.3009244691058611E-017   5.1309409054580278E-017
   6.1844118806235047E-016   6.0077143983199761E-016   6.0190542195156584E-016
   4.4174370575882179E-018   2.6530347565762199E-019   2.6530347565417491E-019
   1.4135798584282297E-016   1.0601848938211722E-016   1.0748004734523656E-016
   8.8348741151764357E-018   1.3829635280614583E-022   1.3829635277189771E-022
   8.8348741151764357E-018   1.8817969415886345E-022   1.8817969417207283E-022
   7.0678992921411486E-017   6.4041268872706951E-017   6.4041268872706027E-017
   6.1844118806235055E-017   5.3009244691058611E-017   5.1648395473518212E-017
   1.7669748230352871E-017   1.3725208797973631E-017   1.3725208797973631E-017
   3.5339496460705743E-017   1.7669748230352871E-017   1.7366969950844366E-017
   1.7669748230352871E-017   1.7669748230352871E-017   1.2457609435015501E-017
   1.3252311172764654E-016   1.2801580380512170E-016   1.2801580380512170E-016
   1.3075613690461124E-015   1.3208136802188771E-015   1.3205861561271942E-015
   1.1043592643970545E-018   3.0184505899805315E-022   3.0184506231191001E-022
   1.7669748230352871E-017   3.9756933518293958E-017   4.1474385566013127E-017
   8.8348741151764360E-017   9.7183615266940791E-017   9.4888669441000879E-017
   1.1043592643970544E-016   1.1485336349729365E-016   1.1375064634850734E-016
   1.2689087947922156E-015   1.2857446468553772E-015   1.2857446468553772E-015
   2.4958519375373433E-016   2.4300874120640474E-016   2.4300874120640474E-016
   3.5339496460705743E-017   3.5339496460705743E-017   2.9873253948131740E-017
   1.3252311172764654E-016   1.4135798584282297E-016   1.3973310615225302E-016
   8.8348741151764357E-018   1.4750759335493012E-017   1.4750759334791018E-017
   7.0678992921411486E-017   7.0678992921411486E-017   6.5341382774404480E-017
   1.0712284864651428E-015   1.0855851569023046E-015   1.0860802759543460E-015
   3.3130777931911632E-018   2.5282781390912639E-021   2.5282781363999179E-021
   3.5339496460705743E-017   3.0119974918043980E-021   3.0119974911661106E-021
   6.3500657702830630E-016   6.3265762618195024E-016   6.3265762618195152E-016
   1.7669748230352871E-017   1.7669748230352871E-017   9.7968932149536121E-018
   6.4273709187908571E-016   6.5699933510621001E-016   6.5699933510621001E-016
   1.2368823761247011E-016   9.7183615266940791E-017   9.8221881132767680E-017
   2.6504622345529306E-017   2.0280911314514437E-017   2.0280911314514437E-017
   3.2689034226152810E-016   3.1805546814635167E-016   3.1721063203277723E-016
   5.3009244691058611E-017   1.7669748230352871E-017   1.7103283840794113E-017
   8.8348741151764357E-018   3.0823398400404829E-019   3.0823398400404670E-019
   1.7669748230352871E-017   2.4314143542513318E-017   2.4314143542513318E-017
   8.8348741151764360E-017   1.0160853056238480E-016   1.0160853056238480E-016
   7.9513867036587919E-016   8.1148475343617561E-016   8.1148475343617561E-016
   1.7669748230352871E-017   1.7669748230352871E-017   1.6715279451034848E-017
   3.5339496460705743E-017   1.7669748230352871E-017   2.1005241463256437E-017
   1.0988374680750691E-016   1.1924758743728909E-016   1.1924758743728909E-016
   3.5339496460705743E-017   3.5339496460705743E-017   3.8637714891971017E-017
   2.7388109757046951E-016   2.8713340874323416E-016   2.8772865211943130E-016
   8.8348741151764357E-018   3.4137727026518363E-018   3.4137727028255594E-018
   8.8348741151764360E-017   8.8348741151764360E-017   8.2709717417041557E-017
   5.6101450631370367E-016   5.5217963219852724E-016   5.5007709303864871E-016
   1.7669748230352871E-017   3.0104051662167883E-021   3.0104051653387387E-021
   1.7669748230352871E-017   1.9897533066627035E-021   1.9897533065467347E-021
   1.1043592643970545E-018   2.1449229005996351E-022   2.1449229007264855E-022
   3.5339496460705743E-017   3.5339496460705743E-017   3.1599778501564862E-017
   6.4273709187908571E-016   6.4719468951846522E-016   6.4719468951847518E-016
   6.0629323615398285E-016   6.1498048587104897E-016   6.1498048587104897E-016
   4.0640420929811603E-016   4.0198677224052781E-016   4.0164475322172316E-016
   4.4174370575882179E-018   1.2565617083323363E-018   1.2565617085601869E-018
   8.8348741151764357E-018   3.6372111627785506E-018   3.6372111637797083E-018
   1.7669748230352871E-017   2.8517220013163420E-017   2.8517220013163420E-017
   3.0038571991599880E-016   2.5646789101561783E-016   2.5646789101561783E-016
   1.6211994001348760E-015   1.6425773194310840E-015   1.6425773194310840E-015
   5.1242269868023330E-016   4.8248338727995414E-016   4.8248338727995414E-016
   1.7669748230352871E-017   1.7669748230352871E-017   2.2051144101094992E-017
   2.6504622345529306E-017   5.3009244691058611E-017   5.4806050912178742E-017
   4.4174370575882180E-017   5.0713725530908237E-017   5.0713725530908237E-017
   5.3009244691058611E-017   5.3009244691058611E-017   4.9589036112485055E-017
   5.6101450631370367E-016   5.5217963219852724E-016   5.5233224542344479E-016
   8.8348741151764360E-017   1.0601848938211722E-016   1.0413528955655661E-016
   3.0922059403117527E-017   3.5538461486042288E-017   3.5538461486040020E-017
   9.7183615266940791E-017   8.8348741151764360E-017   8.6421916261560998E-017
   1.7669748230352871E-017   5.6022030557386839E-018   5.6022030557386839E-018
   1.7669748230352871E-017   1.7669748230352871E-017   1.8395821755341832E-017
   1.7228004524594048E-016   1.5871586159445557E-016   1.5871586159445557E-016
   1.1662033832032895E-015   1.1617859461457012E-015   1.1612759873052049E-015
   2.2087185287941089E-018   2.3979227861753866E-021   2.3979227977739487E-021
   9.0557459680558468E-017   7.6381885561929401E-017   7.6381885562306649E-017
   3.5339496460705743E-017   5.3009244691058611E-017   5.0873021675781966E-017
   8.8348741151764357E-018   5.7032372062608797E-020   5.7032372062608773E-020
   1.4135798584282297E-016   1.5681901554438173E-016   1.5639343403640994E-016
   2.2087185287941089E-018   1.1331689653502730E-020   1.1331690347017440E-020
   1.3694054878523474E-015   1.3651286456179220E-015   1.3651286456179220E-015
   1.7669748230352871E-017   1.7669748230352871E-017   1.2028319419776688E-017
   2.7608981609926362E-016   2.6589433107424966E-016   2.6589433107424966E-016
   1.2368823761247011E-016   1.2368823761247011E-016   1.2555370830332338E-016
   2.6504622345529306E-017   1.7490908010898119E-017   1.7490908010898119E-017
   3.5339496460705743E-017   7.0678992921411486E-017   6.3207160207797045E-017
   1.0093843676589078E-015   1.0027582120725254E-015   1.0033612753197835E-015
   1.7669748230352871E-017   4.2377140157899992E-021   4.2377140167853499E-021
   4.4174370575882179E-018   9.1508735623149645E-024   9.1508735615651519E-024
   6.5157196599426214E-016   6.3080604842345607E-016   6.3080604842346376E-016
   4.1689562230988805E-016   4.4682007796346526E-016   4.4682007796346526E-016
   1.7669748230352871E-017   1.7669748230352871E-017   1.2035230712957331E-017
   6.1844118806235055E-017   7.9513867036587917E-017   7.7536031760924894E-017
   3.5339496460705743E-017   2.7233553960413725E-017   2.7233553960413731E-017
   4.5057857987399818E-016   4.5499601693158640E-016   4.5590576037831050E-016
   4.4174370575882179E-018   9.9014939898773987E-020   9.9014939898773987E-020
   1.7669748230352871E-017   8.8348741151764357E-018   8.1595784458942783E-018
   4.8591807633470396E-017   5.9074192973960674E-017   5.9074192973960674E-017
   8.8348741151764350E-016   8.6789458227225108E-016   8.6789458227225108E-016
   1.7669748230352871E-017   1.7669748230352871E-017   1.6070583769076642E-017
   1.7669748230352871E-017   1.7669748230352871E-017   1.8145631251110809E-017
   1.5488638683168688E-016   1.3263031995783276E-016   1.3263031995783276E-016
   1.7669748230352871E-017   3.5339496460705743E-017   3.7299134557190205E-017
   2.2970672699458731E-016   2.6504622345529308E-016   2.6145842628797488E-016
   8.8348741151764357E-018   4.3124871457316015E-018   4.3124871453637982E-018
   1.0601848938211722E-016   8.8348741151764360E-017   8.0071992167029132E-017
   8.3931304094176135E-016   8.3489560388417313E-016   8.3491191223675440E-016
   1.7669748230352871E-017   3.0106238059461019E-021   3.0106238050408580E-021
   3.5339496460705743E-017   3.5339496460705743E-017   3.2691430224909183E-017
   6.2396298438433572E-016   6.4504949375076065E-016   6.4504949375075355E-016
   7.3108583303085002E-016   7.2645993452381367E-016   7.2645993452381367E-016
   3.3572521637670453E-016   3.3572521637670453E-016   3.3863849374871390E-016
   8.8348741151764357E-018   1.9503923178461246E-018   1.9503923180732534E-018
   5.3009244691058611E-017   1.8469575935915623E-017   1.8469575935915623E-017
   2.0320210464905801E-016   2.0813092162077296E-016   2.0813092162077296E-016
   1.2020950592961937E-015   1.2081267035059572E-015   1.2081267035059572E-015
   4.8591807633470391E-016   5.2075856889649252E-016   5.2075856889649252E-016
   3.5339496460705743E-017   1.7669748230352871E-017   2.1231605262553622E-017
   3.5339496460705743E-017   4.4174370575882180E-017   4.8392318701482611E-017
   6.1844118806235055E-017   5.7719097655074542E-017   5.7719097655074542E-017
   3.5339496460705743E-017   5.3009244691058611E-017   4.7919976438774879E-017
   5.1242269868023330E-016   5.0800526162264508E-016   5.0630570840137645E-016
   1.0601848938211722E-016   1.0601848938211722E-016   1.0088542381360796E-016
   1.7669748230352871E-017   8.8348741151764357E-018   1.0904763962850121E-017
   8.8348741151764357E-018   3.0452367490781724E-022   3.0452367551679516E-022
   8.8348741151764357E-018   3.7320387278477124E-022   3.7320387280249281E-022
   2.4848083448933725E-017   1.8193898483417285E-017   1.8193898483412777E-017
   1.5019285995799940E-016   1.3694054878523476E-016   1.3797375203710477E-016
   8.8348741151764357E-018   1.8723936353853399E-018   1.8723936353853399E-018
   1.7669748230352871E-017   1.7669748230352871E-017   1.9477446493799011E-017
   2.1203697876423444E-016   1.9529553063934379E-016   1.9529553063934379E-016
   1.0248453973604666E-015   1.0160105232452902E-015   1.0170634104542916E-015
   8.8348741151764360E-017   5.5147373412256129E-017   5.5147373412113062E-017
   4.4174370575882179E-018   1.0610844870019405E-020   1.0610844870019459E-020
   2.2970672699458731E-016   2.1093261949983739E-016   2.1087451126982687E-016
   1.1043592643970545E-018   8.2245950444563068E-023   8.2246042092163578E-023
   1.4754239772344648E-015   1.4481126929956513E-015   1.4481126929956513E-015
   3.5339496460705743E-017   1.7669748230352871E-017   1.1542645844549210E-017
   2.8271597168564594E-016   2.9038161745405221E-016   2.9038161745405221E-016
   3.5339496460705743E-017   3.5339496460705743E-017   2.7770900241831890E-017
   1.1485336349729365E-016   1.1485336349729365E-016   1.1260767502661781E-016
   2.4295903816735198E-017   2.0610512241278424E-017   2.0610512241278424E-017
   5.3009244691058611E-017   5.3009244691058611E-017   6.1135408834899313E-017
   9.0557459680558468E-016   9.2545306356473160E-016   9.2615416643469769E-016
   2.2087185287941089E-018   1.5217135294793942E-020   1.5217135296966887E-020
   7.0678992921411486E-017   3.5339496460705743E-017   3.0724866892721355E-017
   1.7669748230352871E-017   3.0124475835029513E-021   3.0124475846352390E-021
   8.8348741151764357E-018   1.7147470989339954E-023   1.7147470989292071E-023
   5.8310169160164475E-016   6.1664604933226612E-016   6.1664604933227943E-016
   3.0038571991599880E-016   2.9389515080562212E-016   2.9389515080562212E-016
   1.7669748230352871E-017   1.7669748230352871E-017   1.2784487917587736E-017
   7.0678992921411486E-017   6.1844118806235055E-017   6.0407631256340789E-017
   3.9756933518293958E-017   3.6033599778719520E-017   3.6033599778719520E-017
   6.3169349923511512E-016   6.4052837335029155E-016   6.3984829277944071E-016
   3.5339496460705743E-017   3.5339496460705743E-017   3.6216689030641592E-017
   1.7669748230352871E-017   1.7669748230352871E-017   1.3895893099869109E-017
   3.9756933518293958E-017   3.2181917675696364E-017   3.2181917675696370E-017
   9.1882690797834923E-016   9.2719608936892653E-016   9.2719608936892653E-016
   1.7669748230352871E-017   1.7669748230352871E-017   1.5447410536204012E-017
   1.3279920154374580E-016   1.4713228316501487E-016   1.4713228316501487E-016
   3.5339496460705743E-017   3.5339496460705743E-017   3.6001481227967224E-017
   2.2970672699458731E-016   2.3854160110976374E-016   2.3725622042800578E-016
