   182.47291165087231        0.0000000000000000       -7.7144337692693501     
   182.50385875232848        0.0000000000000000       -7.7484006757714567     
   182.53473844386059        0.0000000000000000       -7.7822406160688971     
   182.56555117087700        0.0000000000000000       -7.8159544761086792     
   182.59629740077210        0.0000000000000000       -7.8495431921598398     
   182.62697762029990        0.0000000000000000       -7.8830077436139749     
   182.65759224891281        0.0000000000000000       -7.9163489599509740     
   182.68814173322266        0.0000000000000000       -7.9495677311471669     
   182.71862654293093        0.0000000000000000       -7.9826649972215042     
   182.74904709640745        0.0000000000000000       -8.0156415869412143     
   182.77940381546571        0.0000000000000000       -8.0484983365375768     
   182.80969714183357        0.0000000000000000       -8.0812361248866011     
   182.83992750472888        0.0000000000000000       -8.1138558042788134     
   182.87009529881894        0.0000000000000000       -8.1463581535785909     
   182.90020093727597        0.0000000000000000       -8.1787439909699895     
   182.93024486078761        0.0000000000000000       -8.2110141920815156     
   182.96022743863210        0.0000000000000000       -8.2431694834590132     
   182.99014906790913        0.0000000000000000       -8.2752106497316760     
   183.02001016294059        0.0000000000000000       -8.3071385108451388     
   183.04981110679429        0.0000000000000000       -8.3389538226547018     
   183.07955226913580        0.0000000000000000       -8.3706573135330071     
   183.10923403612429        0.0000000000000000       -8.4022497455042711     
   183.13885680652209        0.0000000000000000       -8.4337319059468481     
   183.16842092385326        0.0000000000000000       -8.4651044711148096     
   183.19792675509868        0.0000000000000000       -8.4963681644505922     
   183.22737468613747        0.0000000000000000       -8.5275237467569962     
   183.25676506449955        0.0000000000000000       -8.5585719030241236     
   183.28609823386651        0.0000000000000000       -8.5895133106344197     
   183.31537455229889        0.0000000000000000       -8.6203486752033900     
   183.34459438625720        0.0000000000000000       -8.6510787186495595     
   183.37375805317942        0.0000000000000000       -8.6817040677485036     
   183.40286589205274        0.0000000000000000       -8.7122253910984533     
   183.43191825974193        0.0000000000000000       -8.7426433912878974     
   183.46091547753551        0.0000000000000000       -8.7729587032651022     
   183.48985786216906        0.0000000000000000       -8.8031719533221349     
   183.51874574279955        0.0000000000000000       -8.8332837912319118     
   183.54757946230495        0.0000000000000000       -8.8632948923154586     
   183.57635931144088        0.0000000000000000       -8.8932058348442666     
   183.60508560309580        0.0000000000000000       -8.9230172383001740     
   183.63375866449528        0.0000000000000000       -8.9527297486098263     
   183.66237879887834        0.0000000000000000       -8.9823439674567158     
   183.69094629538802        0.0000000000000000       -9.0118604705248941     
   183.71946145461234        0.0000000000000000       -9.0412798546082911     
   183.74792459849860        0.0000000000000000       -9.0706027607235509     
   183.77633599667939        0.0000000000000000       -9.0998297215740145     
   183.80469593786532        0.0000000000000000       -9.1289613093621860     
   183.83300471846863        0.0000000000000000       -9.1579981158373069     
   183.86126263099590        0.0000000000000000       -9.1869407225979351     
   183.88946994315478        0.0000000000000000       -9.2157896467906433     
   183.91762693541710        0.0000000000000000       -9.2445454387358055     
   183.94573390017925        0.0000000000000000       -9.2732086843068817     
   183.97379110587707        0.0000000000000000       -9.3017798979393458     
   184.00179881966605        0.0000000000000000       -9.3302595902507850     
   184.02975731446472        0.0000000000000000       -9.3586482891054121     
   184.05766687730650        0.0000000000000000       -9.3869465666633349     
   184.08552775832277        0.0000000000000000       -9.4151548792758568     
   184.11334022268514        0.0000000000000000       -9.4432737304947274     
   184.14110454096610        0.0000000000000000       -9.4713036401292729     
   184.16882098141789        0.0000000000000000       -9.4992451210046891     
   184.19648979117585        0.0000000000000000       -9.5270986223800858     
   184.22411122816771        0.0000000000000000       -9.5548646260017023     
   184.25168556023345        0.0000000000000000       -9.5825436415546985     
   184.27921303762895        0.0000000000000000       -9.6101361291613454     
   184.30669390450205        0.0000000000000000       -9.6376425317274546     
   184.33412841155393        0.0000000000000000       -9.6650633106303250     
   184.36151682329844        0.0000000000000000       -9.6923989638358705     
   184.38885937291883        0.0000000000000000       -9.7196499063175121     
   184.41615630151043        0.0000000000000000       -9.7468165740082036     
   184.44340785403185        0.0000000000000000       -9.7738994128383361     
   184.47061428668493        0.0000000000000000       -9.8008988967072774     
   184.49777582111136        0.0000000000000000       -9.8278154135438012     
   184.52489269365526        0.0000000000000000       -9.8546493878498875     
   184.55196514565739        0.0000000000000000       -9.8814012555709478     
   184.57899341845692        0.0000000000000000       -9.9080714526485156     
   184.60597772916665        0.0000000000000000       -9.9346603595410095     
   184.63291830690650        0.0000000000000000       -9.9611683842053544     
   184.65981538898524        0.0000000000000000       -9.9875959516381485     
   184.68666920238721        0.0000000000000000       -10.013943465352801     
   184.71347995955978        0.0000000000000000       -10.040211298613727     
   184.74024788233010        0.0000000000000000       -10.066399844203005     
   184.76697320342709        0.0000000000000000       -10.092509516015003     
   184.79365613621428        0.0000000000000000       -10.118540690441245     
   184.82029688834419        0.0000000000000000       -10.144493732813563     
   184.84689567434606        0.0000000000000000       -10.170369021781520     
   184.87345272180613        0.0000000000000000       -10.196166959504414     
   184.89996823151941        0.0000000000000000       -10.221887899901848     
   184.92644240613856        0.0000000000000000       -10.247532200238226     
   184.95287545295864        0.0000000000000000       -10.273100226137119     
   184.97926759409418        0.0000000000000000       -10.298592368276758     
   185.00561901881005        0.0000000000000000       -10.324008961797620     
   185.03192992437778        0.0000000000000000       -10.349350355376508     
   185.05820051089069        0.0000000000000000       -10.374616902461153     
   185.08443099439660        0.0000000000000000       -10.399808981732395     
   185.11062155395891        0.0000000000000000       -10.424926913377590     
   185.13677238119769        0.0000000000000000       -10.449971037443776     
   185.16288366913170        0.0000000000000000       -10.474941696189768     
   185.18895562762532        0.0000000000000000       -10.499839256962012     
   185.21498842649757        0.0000000000000000       -10.524664027468880     
   185.24098225130626        0.0000000000000000       -10.549416338857908     
   185.26693728812128        0.0000000000000000       -10.574096523032917     
   185.29285373994350        0.0000000000000000       -10.598704935610526     
   185.31873176881604        0.0000000000000000       -10.623241874843615     
   185.34457155382685        0.0000000000000000       -10.647707662857533     
   185.37037327419415        0.0000000000000000       -10.672102621950055     
   185.39613712568521        0.0000000000000000       -10.696427096325445     
   185.42186326384305        0.0000000000000000       -10.720681376941569     
   185.44755186101364        0.0000000000000000       -10.744865776998921     
   185.47320308954298        0.0000000000000000       -10.768980609697993     
   185.49881713897238        0.0000000000000000       -10.793026209124003     
   185.52439415803494        0.0000000000000000       -10.817002859798489     
   185.54993431198585        0.0000000000000000       -10.840910866309914     
   185.57543776634091        0.0000000000000000       -10.864750533563361     
   185.60090470214249        0.0000000000000000       -10.888522184674876     
   185.62633526450551        0.0000000000000000       -10.912226100621377     
   185.65172961155352        0.0000000000000000       -10.935862577637348     
   185.67708790245283        0.0000000000000000       -10.959431913180682     
   185.70241031206166        0.0000000000000000       -10.982934420744696     
   185.72769698045244        0.0000000000000000       -11.006370378274877     
   185.75294805754532        0.0000000000000000       -11.029740073780120     
   185.77816369571283        0.0000000000000000       -11.053043797775466     
   185.80334406077944        0.0000000000000000       -11.076281853892828     
   185.82848929078577        0.0000000000000000       -11.099454518672262     
   185.85359952768576        0.0000000000000000       -11.122562072469819     
   185.87867491745834        0.0000000000000000       -11.145604799566280     
   185.90371561783670        0.0000000000000000       -11.168582994669453     
   185.92872176512199        0.0000000000000000       -11.191496933474895     
   185.95369349258030        0.0000000000000000       -11.214346888985942     
   185.97863093973774        0.0000000000000000       -11.237133139758962     
   186.00353425502865        0.0000000000000000       -11.259855972079869     
   186.02840357442759        0.0000000000000000       -11.282515661423432     
   186.05323902289078        0.0000000000000000       -11.305112473704412     
   186.07804073382374        0.0000000000000000       -11.327646682168563     
   186.10280884651911        0.0000000000000000       -11.350118565255201     
   186.12754349742204        0.0000000000000000       -11.372528398891605     
   186.15224480314043        0.0000000000000000       -11.394876441505149     
   186.17691289119736        0.0000000000000000       -11.417162961152195     
   186.20154789161720        0.0000000000000000       -11.439388228283574     
   186.22614994173463        0.0000000000000000       -11.461552520347285     
   186.25071915045351        0.0000000000000000       -11.483656087577657     
   186.27525563979779        0.0000000000000000       -11.505699192767157     
   186.29975953179098        0.0000000000000000       -11.527682098708235     
   186.32423096195839        0.0000000000000000       -11.549605081915542     
   186.34867003501620        0.0000000000000000       -11.571468387591167     
   186.37307686700169        0.0000000000000000       -11.593272272443585     
   186.39745157486840        0.0000000000000000       -11.615016994112283     
   186.42179428570486        0.0000000000000000       -11.636702820888036     
   186.44610510734859        0.0000000000000000       -11.658330000829951     
   186.47038414738233        0.0000000000000000       -11.679898781729372     
   186.49463151782382        0.0000000000000000       -11.701409416038649     
   186.51884733658065        0.0000000000000000       -11.722862162582480     
   186.54303171538925        0.0000000000000000       -11.744257273508778     
   186.56718475427226        0.0000000000000000       -11.765594988291713     
   186.59130656077838        0.0000000000000000       -11.786875554548086     
   186.61539724450003        0.0000000000000000       -11.808099222155075     
   186.63945692143000        0.0000000000000000       -11.829266248067807     
   186.66348568357392        0.0000000000000000       -11.850376862714342     
   186.68748363405501        0.0000000000000000       -11.871431308817533     
   186.71145087599660        0.0000000000000000       -11.892429829100246     
   186.73538752338985        0.0000000000000000       -11.913372678014525     
   186.75929366705248        0.0000000000000000       -11.934260085002634     
   186.78316940364061        0.0000000000000000       -11.955092285807723     
   186.80701483196191        0.0000000000000000       -11.975869518495273     
   186.83083005728056        0.0000000000000000       -11.996592028231339     
   186.85461517621385        0.0000000000000000       -12.017260050672478     
   186.87837027714781        0.0000000000000000       -12.037873812421870     
   186.90209545477964        0.0000000000000000       -12.058433547024174     
   186.92579080559324        0.0000000000000000       -12.078939490042695     
   186.94945643186836        0.0000000000000000       -12.099391883589441     
   186.97309241460044        0.0000000000000000       -12.119790945727438     
   186.99669884468636        0.0000000000000000       -12.140136905707212     
   187.02027581302301        0.0000000000000000       -12.160429992779303     
   187.04382341950489        0.0000000000000000       -12.180670445997841     
   187.06734174598736        0.0000000000000000       -12.200858484762039     
   187.09083087679744        0.0000000000000000       -12.220994331164421     
   187.11429089907244        0.0000000000000000       -12.241078210359245     
   187.13772190443635        0.0000000000000000       -12.261110352206845     
   187.16112398194878        0.0000000000000000       -12.281090983877851     
   187.18449720714568        0.0000000000000000       -12.301020318358324     
   187.20784166333212        0.0000000000000000       -12.320898576782835     
   187.23115743381285        0.0000000000000000       -12.340725980285962     
   187.25444461207061        0.0000000000000000       -12.360502760977582     
   187.27770326876026        0.0000000000000000       -12.380229126351214     
   187.30093348298203        0.0000000000000000       -12.399905293007260     
   187.32413533457606        0.0000000000000000       -12.419531478344361     
   187.34730890923561        0.0000000000000000       -12.439107905658355     
   187.37045428541037        0.0000000000000000       -12.458634790946739     
   187.39357153303959        0.0000000000000000       -12.478112341631814     
   187.41666072828008        0.0000000000000000       -12.497540771400578     
   187.43972194740545        0.0000000000000000       -12.516920294059075     
   187.46275527700419        0.0000000000000000       -12.536251133907637     
   187.48576077932614        0.0000000000000000       -12.555533490484251     
   187.50873852717908        0.0000000000000000       -12.574767574068723     
   187.53168859337086        0.0000000000000000       -12.593953594940862     
   187.55461105630832        0.0000000000000000       -12.613091769213312     
   187.57750598685311        0.0000000000000000       -12.632182305138397     
   187.60037344925303        0.0000000000000000       -12.651225404078456     
   187.62321351305772        0.0000000000000000       -12.670221272918969     
   187.64602624781676        0.0000000000000000       -12.689170118545414     
   187.66881173316213        0.0000000000000000       -12.708072158095522     
   187.69157002555514        0.0000000000000000       -12.726927585146010     
   187.71430119137233        0.0000000000000000       -12.745736603355736     
   187.71430119137233        0.0000000000000000       -12.745736603355736     
   187.77544492256592        0.0000000000000000       -12.652001735376521     
   187.83641516451121        0.0000000000000000       -12.557972497392539     
   187.89721037293759        0.0000000000000000       -12.463649453797524     
   187.95782900306330        0.0000000000000000       -12.369033170736893     
   188.01826950632875        0.0000000000000000       -12.274124227301893     
   188.07853033248102        0.0000000000000000       -12.178923208386104     
   188.13860993125945        0.0000000000000000       -12.083430698910478     
   188.19850675240326        0.0000000000000000       -11.987647283795992     
   188.25821924599776        0.0000000000000000       -11.891573554313393     
   188.31774586351287        0.0000000000000000       -11.795210127132707     
   188.37708505676488        0.0000000000000000       -11.698557625273722     
   188.43623527756989        0.0000000000000000       -11.601616671756259     
   188.49519497775657        0.0000000000000000       -11.504387889674909     
   188.55396261181301        0.0000000000000000       -11.406871917973927     
   188.61253664016073        0.0000000000000000       -11.309069430960411     
   188.67091552402405        0.0000000000000000       -11.210981107726239     
   188.72909772462725        0.0000000000000000       -11.112607627363326     
   188.78708170335980        0.0000000000000000       -11.013949669740800     
   188.84486592802756        0.0000000000000000       -10.915007944943378     
   188.90244887477181        0.0000000000000000       -10.815783202306907     
   188.95982902029093        0.0000000000000000       -10.716276193790398     
   189.01700484128324        0.0000000000000000       -10.616487671352907     
   189.07397481516352        0.0000000000000000       -10.516418390087772     
   189.13073743006737        0.0000000000000000       -10.416069151986900     
   189.18729118238326        0.0000000000000000       -10.315440795144776     
   189.24363456871191        0.0000000000000000       -10.214534158584568     
   189.29976608565403        0.0000000000000000       -10.113350081329457     
   189.35568423173072        0.0000000000000000       -10.011889410724187     
   189.41138751965622        0.0000000000000000       -9.9101530556149662     
   189.46687446850595        0.0000000000000000       -9.8081419524132034     
   189.52214359738559        0.0000000000000000       -9.7058570376603051     
   189.57719342540057        0.0000000000000000       -9.6032992478976826     
   189.63202247555327        0.0000000000000000       -9.5004695369164445     
   189.68662928643334        0.0000000000000000       -9.3973689275065038     
   189.74101240052718        0.0000000000000000       -9.2939984597074901     
   189.79517036032132        0.0000000000000000       -9.1903591735589831     
   189.84910170833172        0.0000000000000000       -9.0864521092401933     
   189.90280499334051        0.0000000000000000       -8.9822783365203662     
   189.95627877811049        0.0000000000000000       -8.8778389911881543     
   190.00952162729612        0.0000000000000000       -8.7731352179650361     
   190.06253210555178        0.0000000000000000       -8.6681681615724955     
   190.11530877773956        0.0000000000000000       -8.5629389678160042     
   190.16785021679433        0.0000000000000000       -8.4574488246400499     
   190.22015500613790        0.0000000000000000       -8.3516989747293078     
   190.27222172989283        0.0000000000000000       -8.2456906644268226     
   190.32404897218169        0.0000000000000000       -8.1394251400756215     
   190.37563531771886        0.0000000000000000       -8.0329036512944096     
   190.42697936007423        0.0000000000000000       -7.9261274967156394     
   190.47807969963429        0.0000000000000000       -7.8190980127026650     
   190.52893493696121        0.0000000000000000       -7.7118165365894118     
   190.57954367261692        0.0000000000000000       -7.6042844057097723     
   190.62990450833249        0.0000000000000000       -7.4965029637927012     
   190.68001605447913        0.0000000000000000       -7.3884736018303965     
   190.72987692530074        0.0000000000000000       -7.2801977319985749     
   190.77948573505921        0.0000000000000000       -7.1716767665729044     
   190.82884109801677        0.0000000000000000       -7.0629121178290175     
   190.87794163044316        0.0000000000000000       -6.9539052078819790     
   190.92678595663915        0.0000000000000000       -6.8446574982043531     
   190.97537270291346        0.0000000000000000       -6.7351704601081375     
   191.02370049557470        0.0000000000000000       -6.6254455649053225     
   191.07176796094743        0.0000000000000000       -6.5154842839675036     
   191.11957372875065        0.0000000000000000       -6.4052881013056773     
   191.16711643627633        0.0000000000000000       -6.2948585291309760     
   191.21439472184127        0.0000000000000000       -6.1841970834702362     
   191.26140722376226        0.0000000000000000       -6.0733052803502368     
   191.30815258050310        0.0000000000000000       -5.9621846361521103     
   191.35462943624842        0.0000000000000000       -5.8508366810307910     
   191.40083644261404        0.0000000000000000       -5.7392629630338607     
   191.44677225171247        0.0000000000000000       -5.6274650314046966     
   191.49243551565630        0.0000000000000000       -5.5154444353866987     
   191.53782488717943        0.0000000000000000       -5.4032027251220525     
   191.58293902831539        0.0000000000000000       -5.2907414642017940     
   191.62777660825628        0.0000000000000000       -5.1780622265698897     
   191.67233629637840        0.0000000000000000       -5.0651665864366437     
   191.71661676205809        0.0000000000000000       -4.9520561180123597     
   191.76061667655827        0.0000000000000000       -4.8387323971955754     
   191.80433472508571        0.0000000000000000       -4.7251970123622868     
   191.84776959909664        0.0000000000000000       -4.6114515574808621     
   191.89091999007690        0.0000000000000000       -4.4974976265460889     
   191.93378458951230        0.0000000000000000       -4.3833368135526953     
   191.97636209329391        0.0000000000000000       -4.2689707153047127     
   192.01865121493412        0.0000000000000000       -4.1544009398431543     
   192.06065067235050        0.0000000000000000       -4.0396290980182377     
   192.10235918346075        0.0000000000000000       -3.9246568006802254     
   192.14377546622160        0.0000000000000000       -3.8094856586996118     
   192.18489824689809        0.0000000000000000       -3.6941172872371322     
   192.22572627029115        0.0000000000000000       -3.5785533110256624     
   192.26625828371019        0.0000000000000000       -3.4627953560932432     
   192.30649303446438        0.0000000000000000       -3.3468450484679475     
   192.34642927020104        0.0000000000000000       -3.2307040143295547     
   192.38606575170914        0.0000000000000000       -3.1143738857576739     
   192.42540125684894        0.0000000000000000       -2.9978563024959293     
   192.46443456462188        0.0000000000000000       -2.8811529048001203     
   192.50316445402919        0.0000000000000000       -2.7642653329260876     
   192.54158970527112        0.0000000000000000       -2.6471952276237358     
   192.57970911648695        0.0000000000000000       -2.5299442370365419     
   192.61752149962550        0.0000000000000000       -2.4125140149995303     
   192.65502566699075        0.0000000000000000       -2.2949062154940831     
   192.69222043088683        0.0000000000000000       -2.1771224925016321     
   192.72910460655521        0.0000000000000000       -2.0591645011617485     
   192.76567703094676        0.0000000000000000       -1.9410339051733405     
   192.80193655074254        0.0000000000000000       -1.8227323720717163     
   192.83788201266961        0.0000000000000000       -1.7042615694102372     
   192.87351226345490        0.0000000000000000       -1.5856231647422907     
   192.90882615570592        0.0000000000000000       -1.4668188279273242     
   192.94382256555190        0.0000000000000000       -1.3478502380489488     
   192.97850037500262        0.0000000000000000       -1.2287190764968856     
   193.01285846606777        0.0000000000000000       -1.1094270246608233     
   193.04689572080531        0.0000000000000000      -0.98997576395007125     
   193.08061103150047        0.0000000000000000      -0.87036697993198930     
   193.11400331325680        0.0000000000000000      -0.75060236745113573     
   193.14707148426544        0.0000000000000000      -0.63068362260730737     
   193.17981446271739        0.0000000000000000      -0.51061244150030072     
   193.21223116720154        0.0000000000000000      -0.39039052040547562     
   193.24432053177284        0.0000000000000000      -0.27001956242188685     
   193.27608151057689        0.0000000000000000      -0.14950127951293249     
   193.30751305910206        0.0000000000000000       -2.8837384234418843E-002
   193.33861413283688        0.0000000000000000        9.1970410857872650E-002
   193.36938368868744        0.0000000000000000       0.21292039251248812     
   193.39982070477416        0.0000000000000000       0.33401083706932355     
   193.42992417554822        0.0000000000000000       0.45524001285558197     
   193.45969309588088        0.0000000000000000       0.57660618799235308     
   193.48912646064346        0.0000000000000000       0.69810763060077652     
   193.51822326835145        0.0000000000000000       0.81974260683817990     
   193.54698254445404        0.0000000000000000       0.94150936834855847     
   193.57540332647218        0.0000000000000000        1.0634061602709639     
   193.60348465198368        0.0000000000000000        1.1854312277137740     
   193.63122555856634        0.0000000000000000        1.3075828157853489     
   193.65862509144745        0.0000000000000000        1.4298591650975343     
   193.68568232645174        0.0000000000000000        1.5522584982761312     
   193.71239634705344        0.0000000000000000        1.6747790334504258     
   193.73876623672666        0.0000000000000000        1.7974189887496790     
   193.76479107901062        0.0000000000000000        1.9201765822621009     
   193.79046997122796        0.0000000000000000        2.0430500233676843     
   193.81580204145422        0.0000000000000000        2.1660375020172689     
   193.84078642192591        0.0000000000000000        2.2891372055327843     
   193.86542224487954        0.0000000000000000        2.4123473212361608     
   193.88970864309746        0.0000000000000000        2.5356660360856607     
   193.91364477057749        0.0000000000000000        2.6590915229012988     
   193.93722980887753        0.0000000000000000        2.7826219361370295     
   193.96046294139722        0.0000000000000000        2.9062554290193376     
   193.98334335153618        0.0000000000000000        3.0299901547747661     
   194.00587022460178        0.0000000000000000        3.1538242653156083     
   194.02804277444494        0.0000000000000000        3.2777558928898083     
   194.04986023688980        0.0000000000000000        3.4017831546077133     
   194.07132184832554        0.0000000000000000        3.5259041671902236     
   194.09242684514146        0.0000000000000000        3.6501170473582416     
   194.11317446835341        0.0000000000000000        3.7744199086085923     
   194.13356399317118        0.0000000000000000        3.8988108406097330     
   194.15359471013005        0.0000000000000000        4.0232879223502449     
   194.17326590983774        0.0000000000000000        4.1478492327683023     
   194.19257688290213        0.0000000000000000        4.2724928508020801     
   194.21152692905065        0.0000000000000000        4.3972168490960462     
   194.23011538449066        0.0000000000000000        4.5220192751196144     
   194.24834159454932        0.0000000000000000        4.6468981700484839     
   194.26620490455386        0.0000000000000000        4.7718515750583421     
   194.28370465990520        0.0000000000000000        4.8968775312763544     
   194.30084022163868        0.0000000000000000        5.0219740695401258     
   194.31761098567250        0.0000000000000000        5.1471391977299303     
   194.33401635264457        0.0000000000000000        5.2723709206198173     
   194.35005572319278        0.0000000000000000        5.3976672429837871     
   194.36572849856137        0.0000000000000000        5.5230261692335594     
   194.38103410356348        0.0000000000000000        5.6484456896970956     
   194.39597199362925        0.0000000000000000        5.7739237764070124     
   194.41054162623479        0.0000000000000000        5.8994584001732298     
   194.42474245885643        0.0000000000000000        6.0250475318056314     
   194.43857395106508        0.0000000000000000        6.1506891410084670     
   194.45203559377561        0.0000000000000000        6.2763811809414198     
   194.46512690203124        0.0000000000000000        6.4021215920281769     
   194.47784739149608        0.0000000000000000        6.5279083143648622     
   194.49019657783404        0.0000000000000000        6.6537392880475412     
   194.50217398177571        0.0000000000000000        6.7796124508833895     
   194.51377916149713        0.0000000000000000        6.9055257237629384     
   194.52501169195733        0.0000000000000000        7.0314770199946315     
   194.53587114819464        0.0000000000000000        7.1574642528512005     
   194.54635710524738        0.0000000000000000        7.2834853356053220     
   194.55646914822267        0.0000000000000000        7.4095381777837819     
   194.56620690250318        0.0000000000000000        7.5356206739298326     
   194.57557000354052        0.0000000000000000        7.6617307148407727     
   194.58455808678639        0.0000000000000000        7.7878661913139311     
   194.59317078777391        0.0000000000000000        7.9140249941228538     
   194.60140775936787        0.0000000000000000        8.0402050089996155     
   194.60926869310126        0.0000000000000000        8.1664041104280720     
   194.61675328573935        0.0000000000000000        8.2926201713701229     
   194.62386123404724        0.0000000000000000        8.4188510647876882     
   194.63059223545235        0.0000000000000000        8.5450946635034519     
   194.63694601312545        0.0000000000000000        8.6713488349278052     
   194.64292232367902        0.0000000000000000        8.7976114394403435     
   194.64852092596038        0.0000000000000000        8.9238803369508002     
   194.65374157881701        0.0000000000000000        9.0501533873689173     
   194.65858404335327        0.0000000000000000        9.1764284503076787     
   194.66304811444635        0.0000000000000000        9.3027033809402937     
   194.66713361297138        0.0000000000000000        9.4289760310221382     
   194.67084036047254        0.0000000000000000        9.5552442522206622     
   194.67416817849383        0.0000000000000000        9.6815058962033813     
   194.67711689398365        0.0000000000000000        9.8077588143340577     
   194.67968637383245        0.0000000000000000        9.9340008557323305     
   194.68187650283284        0.0000000000000000        10.060229868511916     
   194.68368716586176        0.0000000000000000        10.186443700781785     
   194.68511824779625        0.0000000000000000        10.312640200650964     
   194.68511824779625        0.0000000000000000        10.312640200650964     
   194.65642969865311        0.0000000000000000        10.162642436282985     
   194.62717853131224        0.0000000000000000        10.013103584056914     
   194.59736824570987        0.0000000000000000        9.8640272808355789     
   194.56700235934511        0.0000000000000000        9.7154171030401741     
   194.53608436184101        0.0000000000000000        9.5672766296848533     
   194.50461777810227        0.0000000000000000        9.4196093784799633     
   194.47260617533036        0.0000000000000000        9.2724188230664897     
   194.44005313587300        0.0000000000000000        9.1257083851339207     
   194.40696223566584        0.0000000000000000        8.9794814580488520     
   194.37333704373927        0.0000000000000000        8.8337414093022844     
   194.33918116409319        0.0000000000000000        8.6884915512158525     
   194.30449823493541        0.0000000000000000        8.5437351505894323     
   194.26929191182506        0.0000000000000000        8.3994754126305047     
   194.23356581966175        0.0000000000000000        8.2557155513940756     
   194.19732360028266        0.0000000000000000        8.1124587208818326     
   194.16056892812179        0.0000000000000000        7.9697080283424127     
   194.12330551012883        0.0000000000000000        7.8274665249261153     
   194.08553704281582        0.0000000000000000        7.6857372393352437     
   194.04726721329789        0.0000000000000000        7.5445231765955807     
   194.00849972086397        0.0000000000000000        7.4038272923630188     
   193.96923830077105        0.0000000000000000        7.2636524927979886     
   193.92948671389917        0.0000000000000000        7.1240016241536628     
   193.88924868995122        0.0000000000000000        6.9848775485191172     
   193.84852797030811        0.0000000000000000        6.8462830709045912     
   193.80732830363235        0.0000000000000000        6.7082209588983845     
   193.76565348243651        0.0000000000000000        6.5706939169765715     
   193.72350728793063        0.0000000000000000        6.4337046414009036     
   193.68089349494824        0.0000000000000000        6.2972558023130665     
   193.63781588090797        0.0000000000000000        6.1613500297077177     
   193.59427823806192        0.0000000000000000        6.0259899105960129     
   193.55028439040106        0.0000000000000000        5.8911779827935353     
   193.50583813841672        0.0000000000000000        5.7569167943691104     
   193.46094328939509        0.0000000000000000        5.6232088457375378     
   193.41560364617567        0.0000000000000000        5.4900566100746895     
   193.36982303958621        0.0000000000000000        5.3574625016744841     
   193.32360529332277        0.0000000000000000        5.2254289468337971     
   193.27695423395676        0.0000000000000000        5.0939583335839709     
   193.22987368378102        0.0000000000000000        4.9630530223216365     
   193.18236746811360        0.0000000000000000        4.8327153361632007     
   193.13443941948927        0.0000000000000000        4.7029475816883721     
   193.08609337067776        0.0000000000000000        4.5737520540431431     
   193.03733315504132        0.0000000000000000        4.4451310142634579     
   192.98816260034667        0.0000000000000000        4.3170866994615489     
   192.93858553702719        0.0000000000000000        4.1896213140338716     
   192.88860578475385        0.0000000000000000        4.0627370783139281     
   192.83822717982747        0.0000000000000000        3.9364361676483219     
   192.78745354878311        0.0000000000000000        3.8107207408712345     
   192.73628872236924        0.0000000000000000        3.6855929184200713     
   192.68473649758423        0.0000000000000000        3.5610548500428609     
   192.63280069663364        0.0000000000000000        3.4371086453251531     
   192.58048514004133        0.0000000000000000        3.3137563925975613     
   192.52779364644013        0.0000000000000000        3.1910001518700213     
   192.47473000838363        0.0000000000000000        3.0688419923360089     
   192.42129801017165        0.0000000000000000        2.9472839770705175     
   192.36750145586694        0.0000000000000000        2.8263281347639766     
   192.31334414582940        0.0000000000000000        2.7059764731053879     
   192.25882986748556        0.0000000000000000        2.5862309881834431     
   192.20396237220143        0.0000000000000000        2.4670936956615113     
   192.14874542621195        0.0000000000000000        2.3485665761666881     
   192.09318280307329        0.0000000000000000        2.2306515894327097     
   192.03727827787918        0.0000000000000000        2.1133506658776975     
   191.98103557476549        0.0000000000000000        1.9966657709890641     
   191.92445842209577        0.0000000000000000        1.8805988368832898     
   191.86755055274645        0.0000000000000000        1.7651517763505258     
   191.81031571510906        0.0000000000000000        1.6503264680296610     
   191.75275760991786        0.0000000000000000        1.5361248139086512     
   191.69487993262587        0.0000000000000000        1.4225486935031630     
   191.63668637035121        0.0000000000000000        1.3095999687177997     
   191.57818062848685        0.0000000000000000        1.1972804686079377     
   191.51936638379587        0.0000000000000000        1.0855920248236850     
   191.46024729542069        0.0000000000000000       0.97453645684191781     
   191.40082701501896        0.0000000000000000       0.86411556287870361     
   191.34110919457066        0.0000000000000000       0.75433111601263791     
   191.28109747856703        0.0000000000000000       0.64518487326741503     
   191.22079548759157        0.0000000000000000       0.53667858224678122     
   191.16020683797223        0.0000000000000000       0.42881396496513086     
   191.09933513889504        0.0000000000000000       0.32159272071910638     
   191.03818398950733        0.0000000000000000       0.21501652744384323     
   190.97675696728726        0.0000000000000000       0.10908704657219137     
   190.91505765110441        0.0000000000000000        3.8059088219066827E-003
   190.85308961008886        0.0000000000000000      -0.10082527950416383     
   190.79085640384613        0.0000000000000000      -0.20480493696773161     
   190.72836155620138        0.0000000000000000      -0.30813149773198956     
   190.66560860644913        0.0000000000000000      -0.41080343950259213     
   190.60260108325380        0.0000000000000000      -0.51281926777988518     
   190.53934251251232        0.0000000000000000      -0.61417751860703429     
   190.47583636555012        0.0000000000000000      -0.71487674242714305     
   190.41208613157488        0.0000000000000000      -0.81491553776666870     
   190.34809529698666        0.0000000000000000      -0.91429254335816823     
   190.28386734958448        0.0000000000000000       -1.0130064338302627     
   190.21940571929522        0.0000000000000000       -1.1110559033259786     
   190.15471384242730        0.0000000000000000       -1.2084396875807268     
   190.08979515611227        0.0000000000000000       -1.3051565735752055     
   190.02465310970641        0.0000000000000000       -1.4012053953344086     
   189.95929108774484        0.0000000000000000       -1.4965850106901066     
   189.89371248117300        0.0000000000000000       -1.5912943165357165     
   189.82792066995242        0.0000000000000000       -1.6853322489877118     
   189.76191905495253        0.0000000000000000       -1.7786978046741835     
   189.69571097542160        0.0000000000000000       -1.8713900032800002     
   189.62929977628721        0.0000000000000000       -1.9634079041733856     
   189.56268878769302        0.0000000000000000       -2.0547505999676710     
   189.49588135217400        0.0000000000000000       -2.1454172334000048     
   189.42888075803859        0.0000000000000000       -2.2354069796211014     
   189.36169030153692        0.0000000000000000       -2.3247190563187097     
   189.29431326432612        0.0000000000000000       -2.4133527130311179     
   189.22675293326685        0.0000000000000000       -2.5013072403420256     
   189.15901253626421        0.0000000000000000       -2.5885819494810032     
   189.09109531754427        0.0000000000000000       -2.6751762090763562     
   189.02300450836100        0.0000000000000000       -2.7610894194953208     
   188.95474334086049        0.0000000000000000       -2.8463210193385637     
   188.88631498433966        0.0000000000000000       -2.9308704510529369     
   188.81772262265693        0.0000000000000000       -3.0147372142876381     
   188.74896943487860        0.0000000000000000       -3.0979208523390982     
   188.68005859520750        0.0000000000000000       -3.1804209426542558     
   188.61099321909663        0.0000000000000000       -3.2622370613312350     
   188.54177642747723        0.0000000000000000       -3.3433688254111429     
   188.47241134175019        0.0000000000000000       -3.4238159030632054     
   188.40290107451446        0.0000000000000000       -3.5035779984277289     
   188.33324868722175        0.0000000000000000       -3.5826548130417626     
   188.26345724327251        0.0000000000000000       -3.6610460841442780     
   188.19352980226083        0.0000000000000000       -3.7387515851665145     
   188.12346940998918        0.0000000000000000       -3.8157711278096165     
   188.05327907308327        0.0000000000000000       -3.8921045279062709     
   187.98296179739188        0.0000000000000000       -3.9677516338555803     
   187.91252058608535        0.0000000000000000       -4.0427123262826798     
   187.84195841084696        0.0000000000000000       -4.1169864956079998     
   187.77127822223184        0.0000000000000000       -4.1905740576835893     
   187.70048296759953        0.0000000000000000       -4.2634749591574570     
   187.62957559538592        0.0000000000000000       -4.3356891822537085     
   187.55855900548354        0.0000000000000000       -4.4072166880398012     
   187.48743608761637        0.0000000000000000       -4.4780574663253079     
   187.41620972952845        0.0000000000000000       -4.5482115466713200     
   187.34488282435240        0.0000000000000000       -4.6176790000075023     
   187.27345820207927        0.0000000000000000       -4.6864598481213484     
   187.20193869361898        0.0000000000000000       -4.7545541463463348     
   187.13032712605673        0.0000000000000000       -4.8219619860646388     
   187.05862632669184        0.0000000000000000       -4.8886834983424370     
   186.98683906435170        0.0000000000000000       -4.9547187613578627     
   186.91496811202012        0.0000000000000000       -5.0200678901153308     
   186.84301623760666        0.0000000000000000       -5.0847310255914442     
   186.77098619178633        0.0000000000000000       -5.1487083219082148     
   186.69888068877665        0.0000000000000000       -5.2119999087693740     
   186.62670244160603        0.0000000000000000       -5.2746059440602089     
   186.55445416326828        0.0000000000000000       -5.3365266182716056     
   186.48213852419576        0.0000000000000000       -5.3977620794815788     
   186.40975818295533        0.0000000000000000       -5.4583124917996759     
   186.33731579227120        0.0000000000000000       -5.5181780403544725     
   186.26481401055534        0.0000000000000000       -5.5773589535131967     
   186.19225543133524        0.0000000000000000       -5.6358553632014239     
   186.11964265524250        0.0000000000000000       -5.6936674474094140     
   186.04697828083610        0.0000000000000000       -5.7507954150317708     
   185.97426489105106        0.0000000000000000       -5.8072394739380853     
   185.90150502314052        0.0000000000000000       -5.8629997689410551     
   185.82870121612399        0.0000000000000000       -5.9180764750390047     
   185.75585601351113        0.0000000000000000       -5.9724698039534871     
   185.68297191699133        0.0000000000000000       -6.0261799194221579     
   185.61005140995633        0.0000000000000000       -6.0792069734755909     
   185.53709697178013        0.0000000000000000       -6.1315511319513352     
   185.46411109094225        0.0000000000000000       -6.1832125930967017     
   185.39109618341800        0.0000000000000000       -6.2341914634355335     
   185.31805467923297        0.0000000000000000       -6.2844878908235255     
   185.24498900850574        0.0000000000000000       -6.3341020369882104     
   185.17190157230985        0.0000000000000000       -6.3830340349037789     
   185.09879473216506        0.0000000000000000       -6.4312839733970373     
   185.02567085561927        0.0000000000000000       -6.4788519701358318     
   184.95253232372775        0.0000000000000000       -6.5257381802217278     
   184.87938144670326        0.0000000000000000       -6.5719426649435464     
   184.80622053859335        0.0000000000000000       -6.6174655041728867     
   184.73305191605931        0.0000000000000000       -6.6623067976058721     
   184.65987788039342        0.0000000000000000       -6.7064666428562347     
   184.58670068251521        0.0000000000000000       -6.7499450727838806     
   184.51352258241198        0.0000000000000000       -6.7927421477423060     
   184.44034585301731        0.0000000000000000       -6.8348579637388687     
   184.36717270292141        0.0000000000000000       -6.8762925277457665     
   184.29400534039786        0.0000000000000000       -6.9170458675745214     
   184.22084597951687        0.0000000000000000       -6.9571180356643012     
   184.14769682022552        0.0000000000000000       -6.9965090741777871     
   184.07456001131735        0.0000000000000000       -7.0352189500561249     
   184.00143771290598        0.0000000000000000       -7.0732476687849974     
   183.92833210116791        0.0000000000000000       -7.1105952863110318     
   183.85524528400120        0.0000000000000000       -7.1472617497358684     
   183.78217937451663        0.0000000000000000       -7.1832470278469129     
   183.70913649507008        0.0000000000000000       -7.2185511201779438     
   183.63611874510437        0.0000000000000000       -7.2531740053883906     
   183.56312818289749        0.0000000000000000       -7.2871156037482674     
   183.49016687758828        0.0000000000000000       -7.3203758678935227     
   183.41723692012295        0.0000000000000000       -7.3529548055116898     
   183.34434031918889        0.0000000000000000       -7.3848522781688031     
   183.27147910497305        0.0000000000000000       -7.4160682110893612     
   183.19865531997456        0.0000000000000000       -7.4466025708812857     
   183.12587096434740        0.0000000000000000       -7.4764552506792583     
   183.05312801936509        0.0000000000000000       -7.5056261159882141     
   182.98042848079689        0.0000000000000000       -7.5341150756743769     
   182.90777434116202        0.0000000000000000       -7.5619220551235804     
   182.83516753483451        0.0000000000000000       -7.5890468709911989     
   182.76261001489166        0.0000000000000000       -7.6154893884177515     
   182.69010375691619        0.0000000000000000       -7.6412495320038447     
   182.61765066299100        0.0000000000000000       -7.6663270808761705     
   182.54525264958531        0.0000000000000000       -7.6907218659963057     
   182.47291165087231        0.0000000000000000       -7.7144337692693501     
   182.47291165087231        0.0000000000000000       -7.7144337692693501     
   182.51419266382274        0.0000000000000000       -7.6569447765301897     
   182.55537348161900        0.0000000000000000       -7.5992802909670001     
   182.59645345123832        0.0000000000000000       -7.5414407281063216     
   182.63743191953134        0.0000000000000000       -7.4834265047943207     
   182.67830823241317        0.0000000000000000       -7.4252380476298141     
   182.71908173537960        0.0000000000000000       -7.3668757875827842     
   182.75975177392459        0.0000000000000000       -7.3083401556438332     
   182.80031769354190        0.0000000000000000       -7.2496315828035716     
   182.84077883953182        0.0000000000000000       -7.1907505025426932     
   182.88113455642025        0.0000000000000000       -7.1316973583023007     
   182.92138418853949        0.0000000000000000       -7.0724725960135686     
   182.96152708022169        0.0000000000000000       -7.0130766616076903     
   183.00156257579818        0.0000000000000000       -6.9535100010352275     
   183.04149001938785        0.0000000000000000       -6.8937730643520387     
   183.08130875463573        0.0000000000000000       -6.8338663107735167     
   183.12101812512253        0.0000000000000000       -6.7737902007543767     
   183.16061747442930        0.0000000000000000       -6.7135451947493543     
   183.20010614613415        0.0000000000000000       -6.6531317533648950     
   183.23948348371104        0.0000000000000000       -6.5925503431062964     
   183.27874883049881        0.0000000000000000       -6.5318014381416409     
   183.31790152982703        0.0000000000000000       -6.4708855131511021     
   183.35694092502544        0.0000000000000000       -6.4098030428148860     
   183.39586635943576        0.0000000000000000       -6.3485545023190069     
   183.43467717658032        0.0000000000000000       -6.2871403744182555     
   183.47337272012064        0.0000000000000000       -6.2255611476938633     
   183.51195233372169        0.0000000000000000       -6.1638173108769321     
   183.55041536104858        0.0000000000000000       -6.1019093526985735     
   183.58876114585152        0.0000000000000000       -6.0398377630842663     
   183.62698903251129        0.0000000000000000       -5.9776030407865326     
   183.66509836569119        0.0000000000000000       -5.9152056885142406     
   183.70308849005573        0.0000000000000000       -5.8526462089949076     
   183.74095875026953        0.0000000000000000       -5.7899251049560512     
   183.77870849128533        0.0000000000000000       -5.7270428814670060     
   183.81633705920785        0.0000000000000000       -5.6640000529643793     
   183.85384380043007        0.0000000000000000       -5.6007971362266034     
   183.89122806134492        0.0000000000000000       -5.5374346480320824     
   183.92848918834852        0.0000000000000000       -5.4739131051781795     
   183.96562652854516        0.0000000000000000       -5.4102330284751599     
   184.00263943061839        0.0000000000000000       -5.3463949476866626     
   184.03952724346573        0.0000000000000000       -5.2823993937877649     
   184.07628931598433        0.0000000000000000       -5.2182468977535397     
   184.11292499710711        0.0000000000000000       -5.1539379907127927     
   184.14943363713846        0.0000000000000000       -5.0894732097698121     
   184.18581458816521        0.0000000000000000       -5.0248530997913141     
   184.22206720239319        0.0000000000000000       -4.9600782061627884     
   184.25819083202825        0.0000000000000000       -4.8951490742697175     
   184.29418482942452        0.0000000000000000       -4.8300662500255349     
   184.33004854915430        0.0000000000000000       -4.7648302872434041     
   184.36578134749743        0.0000000000000000       -4.6994417458177224     
   184.40138258077775        0.0000000000000000       -4.6339011857993242     
   184.43685160531902        0.0000000000000000       -4.5682091672390168     
   184.47218777786483        0.0000000000000000       -4.5023662514617282     
   184.50739045826106        0.0000000000000000       -4.4363730092087144     
   184.54245900774401        0.0000000000000000       -4.3702300154416633     
   184.57739278755648        0.0000000000000000       -4.3039378451421824     
   184.61219115894144        0.0000000000000000       -4.2374970732918635     
   184.64685348408847        0.0000000000000000       -4.1709082774016695     
   184.68137912897453        0.0000000000000000       -4.1041720450999319     
   184.71576746052324        0.0000000000000000       -4.0372889665443612     
   184.75001784565825        0.0000000000000000       -3.9702596318926608     
   184.78412965131176        0.0000000000000000       -3.9030846313230438     
   184.81810224621984        0.0000000000000000       -3.8357645593630414     
   184.85193500314304        0.0000000000000000       -3.7683000202440766     
   184.88562729538654        0.0000000000000000       -3.7006916195105943     
   184.91917849625563        0.0000000000000000       -3.6329399627070060     
   184.95258797913027        0.0000000000000000       -3.5650456555436647     
   184.98585512030357        0.0000000000000000       -3.4970093101808515     
   185.01897929985273        0.0000000000000000       -3.4288315471575226     
   185.05195989810764        0.0000000000000000       -3.3605129875725983     
   185.08479629539841        0.0000000000000000       -3.2920542525250132     
   185.11748787232921        0.0000000000000000       -3.2234559636782421     
   185.15003401360647        0.0000000000000000       -3.1547187511432009     
   185.18243410709442        0.0000000000000000       -3.0858432515336540     
   185.21468754073871        0.0000000000000000       -3.0168301016306485     
   185.24679370248481        0.0000000000000000       -2.9476799382152370     
   185.27875198097473        0.0000000000000000       -2.8783933994126207     
   185.31056176999758        0.0000000000000000       -2.8089711332823235     
   185.34222246564934        0.0000000000000000       -2.7394137923364275     
   185.37373346403695        0.0000000000000000       -2.6697220291080384     
   185.40509416126736        0.0000000000000000       -2.5998964961302322     
   185.43630395489268        0.0000000000000000       -2.5299378485793147     
   185.46736224824633        0.0000000000000000       -2.4598467522044034     
   185.49826844610703        0.0000000000000000       -2.3896238753977950     
   185.52902195325353        0.0000000000000000       -2.3192698865518100     
   185.55962217447660        0.0000000000000000       -2.2487854540803061     
   185.59006851715625        0.0000000000000000       -2.1781712509633948     
   185.62036039444874        0.0000000000000000       -2.1074279603691317     
   185.65049722029195        0.0000000000000000       -2.0365562668440602     
   185.68047840862374        0.0000000000000000       -1.9655568549347455     
   185.71030337348478        0.0000000000000000       -1.8944304093626976     
   185.73997153291086        0.0000000000000000       -1.8231776216517868     
   185.76948231012764        0.0000000000000000       -1.7517991921623475     
   185.79883512870762        0.0000000000000000       -1.6802958218452559     
   185.82802941222332        0.0000000000000000       -1.6086682116514142     
   185.85706458461101        0.0000000000000000       -1.5369170631278855     
   185.88594007525072        0.0000000000000000       -1.4650430867426620     
   185.91465531771291        0.0000000000000000       -1.3930469998310604     
   185.94320974567600        0.0000000000000000       -1.3209295199050184     
   185.97160279281832        0.0000000000000000       -1.2486913644765032     
   185.99983389372090        0.0000000000000000       -1.1763332524778658     
   186.02790248963692        0.0000000000000000       -1.1038559133389465     
   186.05580802481009        0.0000000000000000       -1.0312600811946397     
   186.08354994349801        0.0000000000000000      -0.95854649020200877     
   186.11112768995844        0.0000000000000000      -0.88571587451813105     
   186.13854071029220        0.0000000000000000      -0.81276897107755841     
   186.16578845797258        0.0000000000000000      -0.73970652792468694     
   186.19287038831604        0.0000000000000000      -0.66652929588141585     
   186.21978595663896        0.0000000000000000      -0.59323802576962503     
   186.24653461827316        0.0000000000000000      -0.51983346843336986     
   186.27311583181515        0.0000000000000000      -0.44631637941695612     
   186.29952906314543        0.0000000000000000      -0.37268752475159389     
   186.32577377912995        0.0000000000000000      -0.29894767188742294     
   186.35184944663476        0.0000000000000000      -0.22509758827458340     
   186.37775553265436        0.0000000000000000      -0.15113804153968038     
   186.40349150917547        0.0000000000000000       -7.7069806168579974E-002
   186.42905685467014        0.0000000000000000       -2.8936655576475173E-003
   186.45445104804392        0.0000000000000000        7.1389596301255104E-002
   186.47967356820214        0.0000000000000000       0.14577919541628118     
   186.50472389450596        0.0000000000000000       0.22027434720505004     
   186.52960151313366        0.0000000000000000       0.29487425824945773     
   186.55430591551149        0.0000000000000000       0.36957812832958492     
   186.57883659320066        0.0000000000000000       0.44438515705054704     
   186.60319303776234        0.0000000000000000       0.51929454401748976     
   186.62737474189950        0.0000000000000000       0.59430548745398948     
   186.65138120675277        0.0000000000000000       0.66941717537324308     
   186.67521193724474        0.0000000000000000       0.74462879121211090     
   186.69886643831583        0.0000000000000000       0.81993951838587220     
   186.72234421490640        0.0000000000000000       0.89534854030979583     
   186.74564477430036        0.0000000000000000       0.97085503775025728     
   186.76876763315573        0.0000000000000000        1.0464581808780684     
   186.79171231047411        0.0000000000000000        1.1221571372151480     
   186.81447832525706        0.0000000000000000        1.1979510742833988     
   186.83706519652574        0.0000000000000000        1.2738391595840548     
   186.85947244745932        0.0000000000000000        1.3498205562331655     
   186.88169961051392        0.0000000000000000        1.4258944175628718     
   186.90374621940089        0.0000000000000000        1.5020598955814763     
   186.92561180783161        0.0000000000000000        1.5783161422972822     
   186.94729590968078        0.0000000000000000        1.6546623095580455     
   186.96879806517470        0.0000000000000000        1.7310975429698356     
   186.99011782279055        0.0000000000000000        1.8076209800305647     
   187.01125473155685        0.0000000000000000        1.8842317576962413     
   187.03220834050211        0.0000000000000000        1.9609290129229113     
   187.05297819922669        0.0000000000000000        2.0377118821440918     
   187.07356386588586        0.0000000000000000        2.1145794939752114     
   187.09396490522050        0.0000000000000000        2.1915309710133504     
   187.11418088214083        0.0000000000000000        2.2685654357007423     
   187.13421136155722        0.0000000000000000        2.3456820104796221     
   187.15405590977952        0.0000000000000000        2.4228798166057333     
   187.17371410346163        0.0000000000000000        2.5001579665656402     
   187.19318552389370        0.0000000000000000        2.5775155689155786     
   187.21246975238768        0.0000000000000000        2.6549517321932301     
   187.23156637025551        0.0000000000000000        2.7324655649362697     
   187.25047496162196        0.0000000000000000        2.8100561734769256     
   187.26919512186296        0.0000000000000000        2.8877226553254753     
   187.28772644916720        0.0000000000000000        2.9654641057867384     
   187.30606854172333        0.0000000000000000        3.0432796201655310     
   187.32422099774320        0.0000000000000000        3.1211682937499940     
   187.34218342033060        0.0000000000000000        3.1991292182925886     
   187.35995542350460        0.0000000000000000        3.2771614776572227     
   187.37753662276111        0.0000000000000000        3.3552641546404622     
   187.39492663359590        0.0000000000000000        3.4334363320388412     
   187.41212507169362        0.0000000000000000        3.5116770925236609     
   187.42913156007600        0.0000000000000000        3.5899855138975769     
   187.44594573129595        0.0000000000000000        3.6683606676386802     
   187.46256721854340        0.0000000000000000        3.7468016248023872     
   187.47899565500819        0.0000000000000000        3.8253074564440919     
   187.49523067452964        0.0000000000000000        3.9038772332253102     
   187.51127192066394        0.0000000000000000        3.9825100199133523     
   187.52711904444729        0.0000000000000000        4.0612048767381808     
   187.54277169710832        0.0000000000000000        4.1399608638130783     
   187.55822952987569        0.0000000000000000        4.2187770412512871     
   187.57349219554322        0.0000000000000000        4.2976524683023385     
   187.58855935847274        0.0000000000000000        4.3765861978321823     
   187.60343068821084        0.0000000000000000        4.4555772798456257     
   187.61810585432852        0.0000000000000000        4.5346247643340210     
   187.63258452639684        0.0000000000000000        4.6137277012886777     
   187.64686637708871        0.0000000000000000        4.6928851391525397     
   187.66095109148449        0.0000000000000000        4.7720961201750818     
   187.67483835776633        0.0000000000000000        4.8513596850573686     
   187.68852786411651        0.0000000000000000        4.9306748745004878     
   187.70201929874247        0.0000000000000000        5.0100407291942419     
   187.71531235521886        0.0000000000000000        5.0894562874374509     
   187.72840673909471        0.0000000000000000        5.1689205821943158     
   187.74130215753968        0.0000000000000000        5.2484326457072292     
   187.75399831772305        0.0000000000000000        5.3279915102185971     
   187.76649492702126        0.0000000000000000        5.4075962078893349     
   187.77879170085697        0.0000000000000000        5.4872457677128743     
   187.79088836510516        0.0000000000000000        5.5669392145679391     
   187.80278464633943        0.0000000000000000        5.6466755730582765     
   187.81448027113331        0.0000000000000000        5.7264538677876358     
   187.82597496677278        0.0000000000000000        5.8062731231136793     
   187.83726847120374        0.0000000000000000        5.8861323597122368     
   187.84836053057830        0.0000000000000000        5.9660305954248027     
   187.85925089125942        0.0000000000000000        6.0459668480199600     
   187.86993929961028        0.0000000000000000        6.1259401352663314     
   187.88042550371355        0.0000000000000000        6.2059494744160935     
   187.89070926436136        0.0000000000000000        6.2859938789050789     
   187.90079034804228        0.0000000000000000        6.3660723604585563     
   187.91066852127165        0.0000000000000000        6.4461839307937270     
   187.92034355056492        0.0000000000000000        6.5263276016278251     
   187.92034355056492        0.0000000000000000        6.5263276016278251     
   187.96269583567462        0.0000000000000000        6.5388697845582522     
   188.00493193969874        0.0000000000000000        6.5514954917156460     
   188.04705256475788        0.0000000000000000        6.5642043390519822     
   188.08905845077678        0.0000000000000000        6.5769959238440281     
   188.13095037052196        0.0000000000000000        6.5898698284795554     
   188.17272898258872        0.0000000000000000        6.6028256871065949     
   188.21439499164583        0.0000000000000000        6.6158631129854708     
   188.25594914099995        0.0000000000000000        6.6289817034456764     
   188.29739208806038        0.0000000000000000        6.6421810912331729     
   188.33872449599917        0.0000000000000000        6.6554609067177610     
   188.37994706110797        0.0000000000000000        6.6688207672397084     
   188.42106045895383        0.0000000000000000        6.6822602980439667     
   188.46206530786532        0.0000000000000000        6.6957791462073386     
   188.50296225682473        0.0000000000000000        6.7093769471226565     
   188.54375199997912        0.0000000000000000        6.7230533201937526     
   188.58443511426151        0.0000000000000000        6.7368079263198863     
   188.62501222227212        0.0000000000000000        6.7506404102334896     
   188.66548397461798        0.0000000000000000        6.7645504074849168     
   188.70585097108074        0.0000000000000000        6.7785375702876509     
   188.74611378964744        0.0000000000000000        6.7926015580005021     
   188.78627303505644        0.0000000000000000        6.8067420213962446     
   188.82632933233836        0.0000000000000000        6.8209586051246580     
   188.86628321758519        0.0000000000000000        6.8352509806719199     
   188.90613526465629        0.0000000000000000        6.8496188081282670     
   188.94588607755708        0.0000000000000000        6.8640617391746721     
   188.98553619911979        0.0000000000000000        6.8785794425564220     
   189.02508616603802        0.0000000000000000        6.8931715887311622     
   189.06453653785908        0.0000000000000000        6.9078378419708004     
   189.10388788739928        0.0000000000000000        6.9225778631442054     
   189.14314071003787        0.0000000000000000        6.9373913329800239     
   189.18229553519365        0.0000000000000000        6.9522779234770047     
   189.22135292022057        0.0000000000000000        6.9672373001239443     
   189.26031336688183        0.0000000000000000        6.9822691413643607     
   189.29917736982648        0.0000000000000000        6.9973731272996353     
   189.33794544305391        0.0000000000000000        7.0125489336407307     
   189.37661812176836        0.0000000000000000        7.0277962316307887     
   189.41519586062236        0.0000000000000000        7.0431147094848212     
   189.45367914847316        0.0000000000000000        7.0585040482110362     
   189.49206849621405        0.0000000000000000        7.0739639244542492     
   189.53036437787142        0.0000000000000000        7.0894940221593981     
   189.56856724580672        0.0000000000000000        7.1050940295613305     
   189.60667756997194        0.0000000000000000        7.1207636314117648     
   189.64469585515548        0.0000000000000000        7.1365025031291500     
   189.68262252082187        0.0000000000000000        7.1523103429916093     
   189.72045801755127        0.0000000000000000        7.1681868409409129     
   189.75820280999835        0.0000000000000000        7.1841316813421425     
   189.79585735558024        0.0000000000000000        7.2001445515347307     
   189.83342206575918        0.0000000000000000        7.2162251577437644     
   189.87089737565051        0.0000000000000000        7.2323731964737705     
   189.90828374439900        0.0000000000000000        7.2485883523148349     
   189.94558158286659        0.0000000000000000        7.2648703337971323     
   189.98279129933479        0.0000000000000000        7.2812188507302729     
   190.01991331372716        0.0000000000000000        7.2976336071329522     
   190.05694807539791        0.0000000000000000        7.3141142917858577     
   190.09389595675637        0.0000000000000000        7.3306606333084749     
   190.13075736157262        0.0000000000000000        7.3472723440831000     
   190.16753270462974        0.0000000000000000        7.3639491312232543     
   190.20422239597951        0.0000000000000000        7.3806907041058789     
   190.24082680261341        0.0000000000000000        7.3974967927085187     
   190.27734631352999        0.0000000000000000        7.4143671164802276     
   190.31378133720955        0.0000000000000000        7.4313013851661882     
   190.35013224757233        0.0000000000000000        7.4482993257260013     
   190.38639940653366        0.0000000000000000        7.4653606710989759     
   190.42258318888881        0.0000000000000000        7.4824851478088172     
   190.45868399570904        0.0000000000000000        7.4996724675331308     
   190.49470216846521        0.0000000000000000        7.5169223756243273     
   190.53063806368002        0.0000000000000000        7.5342346089303298     
   190.56649204513894        0.0000000000000000        7.5516089000409075     
   190.60226449735575        0.0000000000000000        7.5690449686388508     
   190.63795574112982        0.0000000000000000        7.5865425740802044     
   190.67356612436569        0.0000000000000000        7.6041014588433873     
   190.70909600381296        0.0000000000000000        7.6217213596672666     
   190.74454573621847        0.0000000000000000        7.6394020132926430     
   190.77991563544299        0.0000000000000000        7.6571431842884570     
   190.81520603660246        0.0000000000000000        7.6749446234314842     
   190.85041728865443        0.0000000000000000        7.6928060724159222     
   190.88554972310521        0.0000000000000000        7.7107272843870565     
   190.92060364688950        0.0000000000000000        7.7287080286136325     
   190.95557938279666        0.0000000000000000        7.7467480639610145     
   190.99047727146137        0.0000000000000000        7.7648471371339856     
   191.02529762181831        0.0000000000000000        7.7830050164387616     
   191.06004073345375        0.0000000000000000        7.8012214765518735     
   191.09470691721091        0.0000000000000000        7.8194962844789115     
   191.12929650463494        0.0000000000000000        7.8378291925910473     
   191.16380978479279        0.0000000000000000        7.8562199832878665     
   191.19824704969696        0.0000000000000000        7.8746684368868713     
   191.23260859872047        0.0000000000000000        7.8931743285021154     
   191.26689475413636        0.0000000000000000        7.9117374164726275     
   191.30110578745638        0.0000000000000000        7.9303574963220314     
   191.33524198256430        0.0000000000000000        7.9490343545108972     
   191.36930362770462        0.0000000000000000        7.9677677743054600     
   191.40329103511016        0.0000000000000000        7.9865575206757216     
   191.43720446140580        0.0000000000000000        8.0054034010046493     
   191.47104418209628        0.0000000000000000        8.0243052082751571     
   191.50481047478920        0.0000000000000000        8.0432627338664453     
   191.53850364184621        0.0000000000000000        8.0622757497190634     
   191.57212392678360        0.0000000000000000        8.0813440739829190     
   191.60567159624523        0.0000000000000000        8.1004675066465524     
   191.63914691762520        0.0000000000000000        8.1196458471067068     
   191.67255018263285        0.0000000000000000        8.1388788750175109     
   191.70588162415621        0.0000000000000000        8.1581664177925450     
   191.73914149956232        0.0000000000000000        8.1775082829698409     
   191.77233006640157        0.0000000000000000        8.1969042779317132     
   191.80544760551990        0.0000000000000000        8.2163541902781727     
   191.83849434114069        0.0000000000000000        8.2358578556925526     
   191.87147052114034        0.0000000000000000        8.2554150897723382     
   191.90437639339513        0.0000000000000000        8.2750257081150060     
   191.93721222926374        0.0000000000000000        8.2946895069702347     
   191.96997824437653        0.0000000000000000        8.3144063285039511     
   192.00267467692655        0.0000000000000000        8.3341759962919042     
   192.03530176546280        0.0000000000000000        8.3539983336165058     
   192.06785976950644        0.0000000000000000        8.3738731442399281     
   192.10034890005059        0.0000000000000000        8.3938002770930904     
   192.13276938565920        0.0000000000000000        8.4137795647524154     
   192.16512145630500        0.0000000000000000        8.4338108384829304     
   192.19740536219641        0.0000000000000000        8.4538939133665174     
   192.22962130868305        0.0000000000000000        8.4740286403603982     
   192.26176951381393        0.0000000000000000        8.4942148602656662     
   192.29385019880044        0.0000000000000000        8.5144524113541831     
   192.32586360195245        0.0000000000000000        8.5347411168016656     
   192.35780992626457        0.0000000000000000        8.5550808309637194     
   192.38968937970571        0.0000000000000000        8.5754714038041282     
   192.42150217536070        0.0000000000000000        8.5959126807697146     
   192.45324854082384        0.0000000000000000        8.6164044950836889     
   192.48492867723360        0.0000000000000000        8.6369467022573740     
   192.51654278198205        0.0000000000000000        8.6575391609581711     
   192.54809106018851        0.0000000000000000        8.6781817233436787     
   192.57957372791182        0.0000000000000000        8.6988742315236980     
   192.61099098590992        0.0000000000000000        8.7196165416616402     
   192.64234302141037        0.0000000000000000        8.7404085223481118     
   192.67363003201652        0.0000000000000000        8.7612500326440585     
   192.70485222262778        0.0000000000000000        8.7821409246607391     
   192.73600979461455        0.0000000000000000        8.8030810538708337     
   192.76710292476204        0.0000000000000000        8.8240702991642657     
   192.79813180338303        0.0000000000000000        8.8451085265460812     
   192.82909662399155        0.0000000000000000        8.8661955987043122     
   192.85999758945678        0.0000000000000000        8.8873313686340225     
   192.89083486626373        0.0000000000000000        8.9085157270286199     
   192.92160863768746        0.0000000000000000        8.9297485471851026     
   192.95231908700282        0.0000000000000000        8.9510297024004526     
   192.98296641521014        0.0000000000000000        8.9723590456874867     
   193.01355078286258        0.0000000000000000        8.9937364763453171     
   193.04407236537619        0.0000000000000000        9.0151618766642692     
   193.07453133936971        0.0000000000000000        9.0366351275584496     
   193.10492789498429        0.0000000000000000        9.0581560943434845     
   193.13526219667591        0.0000000000000000        9.0797246719636711     
   193.16553440856066        0.0000000000000000        9.1013407557554569     
   193.19574470067207        0.0000000000000000        9.1230042342293753     
   193.22589325102408        0.0000000000000000        9.1447149855897187     
   193.25598022926886        0.0000000000000000        9.1664728988394089     
   193.28600578918665        0.0000000000000000        9.1882778834790706     
   193.31597009475519        0.0000000000000000        9.2101298358399664     
   193.34587331275449        0.0000000000000000        9.2320286486824727     
   193.37571561873995        0.0000000000000000        9.2539742035854644     
   193.40549715537858        0.0000000000000000        9.2759664240344080     
   193.43521808058051        0.0000000000000000        9.2980052140918446     
   193.46487855225593        0.0000000000000000        9.3200904778203242     
   193.49447874312943        0.0000000000000000        9.3422221004534265     
   193.52401879433717        0.0000000000000000        9.3644000073731437     
   193.55349885497353        0.0000000000000000        9.3866241138465938     
   193.58291907706601        0.0000000000000000        9.4088943314128315     
   193.61227962154459        0.0000000000000000        9.4312105598887399     
   193.64158063741658        0.0000000000000000        9.4535727147902300     
   193.67082226233919        0.0000000000000000        9.4759807265792446     
   193.70000464267210        0.0000000000000000        9.4984345142581734     
   193.72912792727837        0.0000000000000000        9.5209339932845918     
   193.75819227314125        0.0000000000000000        9.5434790676161896     
   193.78719780742321        0.0000000000000000        9.5660696834418903     
   193.81614467115915        0.0000000000000000        9.5887057673047931     
   193.84503300538415        0.0000000000000000        9.6113872457479950     
   193.87386296361558        0.0000000000000000        9.6341140281375477     
   193.90263467434536        0.0000000000000000        9.6568860582772142     
   193.93134826949438        0.0000000000000000        9.6797032752516934     
   193.96000388488221        0.0000000000000000        9.7025656127812461     
   193.98860166247877        0.0000000000000000        9.7254729967298044     
   194.01714174073879        0.0000000000000000        9.7484253574515041     
   194.04562423957847        0.0000000000000000        9.7714226489800424     
   194.07404928956379        0.0000000000000000        9.7944648117460815     
   194.10241702126061        0.0000000000000000        9.8175517861802764     
   194.13072757944505        0.0000000000000000        9.8406834926718219     
   194.15898107702128        0.0000000000000000        9.8638598965606246     
   194.18717763868477        0.0000000000000000        9.8870809465569724     
   194.21531739016416        0.0000000000000000        9.9103465899135106     
   194.24340046515991        0.0000000000000000        9.9336567641383144     
   194.27142698750691        0.0000000000000000        9.9570114187993042     
   194.29939706944828        0.0000000000000000        9.9804105176341515     
   194.32731083169583        0.0000000000000000        10.003854014028677     
   194.35516839512232        0.0000000000000000        10.027341861153408     
   194.38296989482203        0.0000000000000000        10.050873993201241     
   194.41071543233261        0.0000000000000000        10.074450389144767     
   194.43840512374840        0.0000000000000000        10.098071008531274     
   194.46603908516371        0.0000000000000000        10.121735810908076     
   194.49361744050398        0.0000000000000000        10.145444745483090     
   194.52114030314152        0.0000000000000000        10.169197775397594     
   194.54860777719824        0.0000000000000000        10.192994876006113     
   194.57601997421125        0.0000000000000000        10.216836012872793     
   194.60337700571779        0.0000000000000000        10.240721151561784     
   194.63067899734068        0.0000000000000000        10.264650238901742     
   194.65792604233212        0.0000000000000000        10.288623264777916     
   194.68511824779625        0.0000000000000000        10.312640200650964     
   194.68511824779625        0.0000000000000000        10.312640200650964     
   194.65642969865311        0.0000000000000000        10.162642436282985     
   194.62717853131224        0.0000000000000000        10.013103584056914     
   194.59736824570987        0.0000000000000000        9.8640272808355789     
   194.56700235934511        0.0000000000000000        9.7154171030401741     
   194.53608436184101        0.0000000000000000        9.5672766296848533     
   194.50461777810227        0.0000000000000000        9.4196093784799633     
   194.47260617533036        0.0000000000000000        9.2724188230664897     
   194.44005313587300        0.0000000000000000        9.1257083851339207     
   194.40696223566584        0.0000000000000000        8.9794814580488520     
   194.37333704373927        0.0000000000000000        8.8337414093022844     
   194.33918116409319        0.0000000000000000        8.6884915512158525     
   194.30449823493541        0.0000000000000000        8.5437351505894323     
   194.26929191182506        0.0000000000000000        8.3994754126305047     
   194.23356581966175        0.0000000000000000        8.2557155513940756     
   194.19732360028266        0.0000000000000000        8.1124587208818326     
   194.16056892812179        0.0000000000000000        7.9697080283424127     
   194.12330551012883        0.0000000000000000        7.8274665249261153     
   194.08553704281582        0.0000000000000000        7.6857372393352437     
   194.04726721329789        0.0000000000000000        7.5445231765955807     
   194.00849972086397        0.0000000000000000        7.4038272923630188     
   193.96923830077105        0.0000000000000000        7.2636524927979886     
   193.92948671389917        0.0000000000000000        7.1240016241536628     
   193.88924868995122        0.0000000000000000        6.9848775485191172     
   193.84852797030811        0.0000000000000000        6.8462830709045912     
   193.80732830363235        0.0000000000000000        6.7082209588983845     
   193.76565348243651        0.0000000000000000        6.5706939169765715     
   193.72350728793063        0.0000000000000000        6.4337046414009036     
   193.68089349494824        0.0000000000000000        6.2972558023130665     
   193.63781588090797        0.0000000000000000        6.1613500297077177     
   193.59427823806192        0.0000000000000000        6.0259899105960129     
   193.55028439040106        0.0000000000000000        5.8911779827935353     
   193.50583813841672        0.0000000000000000        5.7569167943691104     
   193.46094328939509        0.0000000000000000        5.6232088457375378     
   193.41560364617567        0.0000000000000000        5.4900566100746895     
   193.36982303958621        0.0000000000000000        5.3574625016744841     
   193.32360529332277        0.0000000000000000        5.2254289468337971     
   193.27695423395676        0.0000000000000000        5.0939583335839709     
   193.22987368378102        0.0000000000000000        4.9630530223216365     
   193.18236746811360        0.0000000000000000        4.8327153361632007     
   193.13443941948927        0.0000000000000000        4.7029475816883721     
   193.08609337067776        0.0000000000000000        4.5737520540431431     
   193.03733315504132        0.0000000000000000        4.4451310142634579     
   192.98816260034667        0.0000000000000000        4.3170866994615489     
   192.93858553702719        0.0000000000000000        4.1896213140338716     
   192.88860578475385        0.0000000000000000        4.0627370783139281     
   192.83822717982747        0.0000000000000000        3.9364361676483219     
   192.78745354878311        0.0000000000000000        3.8107207408712345     
   192.73628872236924        0.0000000000000000        3.6855929184200713     
   192.68473649758423        0.0000000000000000        3.5610548500428609     
   192.63280069663364        0.0000000000000000        3.4371086453251531     
   192.58048514004133        0.0000000000000000        3.3137563925975613     
   192.52779364644013        0.0000000000000000        3.1910001518700213     
   192.47473000838363        0.0000000000000000        3.0688419923360089     
   192.42129801017165        0.0000000000000000        2.9472839770705175     
   192.36750145586694        0.0000000000000000        2.8263281347639766     
   192.31334414582940        0.0000000000000000        2.7059764731053879     
   192.25882986748556        0.0000000000000000        2.5862309881834431     
   192.20396237220143        0.0000000000000000        2.4670936956615113     
   192.14874542621195        0.0000000000000000        2.3485665761666881     
   192.09318280307329        0.0000000000000000        2.2306515894327097     
   192.03727827787918        0.0000000000000000        2.1133506658776975     
   191.98103557476549        0.0000000000000000        1.9966657709890641     
   191.92445842209577        0.0000000000000000        1.8805988368832898     
   191.86755055274645        0.0000000000000000        1.7651517763505258     
   191.81031571510906        0.0000000000000000        1.6503264680296610     
   191.75275760991786        0.0000000000000000        1.5361248139086512     
   191.69487993262587        0.0000000000000000        1.4225486935031630     
   191.63668637035121        0.0000000000000000        1.3095999687177997     
   191.57818062848685        0.0000000000000000        1.1972804686079377     
   191.51936638379587        0.0000000000000000        1.0855920248236850     
   191.46024729542069        0.0000000000000000       0.97453645684191781     
   191.40082701501896        0.0000000000000000       0.86411556287870361     
   191.34110919457066        0.0000000000000000       0.75433111601263791     
   191.28109747856703        0.0000000000000000       0.64518487326741503     
   191.22079548759157        0.0000000000000000       0.53667858224678122     
   191.16020683797223        0.0000000000000000       0.42881396496513086     
   191.09933513889504        0.0000000000000000       0.32159272071910638     
   191.03818398950733        0.0000000000000000       0.21501652744384323     
   190.97675696728726        0.0000000000000000       0.10908704657219137     
   190.91505765110441        0.0000000000000000        3.8059088219066827E-003
   190.85308961008886        0.0000000000000000      -0.10082527950416383     
   190.79085640384613        0.0000000000000000      -0.20480493696773161     
   190.72836155620138        0.0000000000000000      -0.30813149773198956     
   190.66560860644913        0.0000000000000000      -0.41080343950259213     
   190.60260108325380        0.0000000000000000      -0.51281926777988518     
   190.53934251251232        0.0000000000000000      -0.61417751860703429     
   190.47583636555012        0.0000000000000000      -0.71487674242714305     
   190.41208613157488        0.0000000000000000      -0.81491553776666870     
   190.34809529698666        0.0000000000000000      -0.91429254335816823     
   190.28386734958448        0.0000000000000000       -1.0130064338302627     
   190.21940571929522        0.0000000000000000       -1.1110559033259786     
   190.15471384242730        0.0000000000000000       -1.2084396875807268     
   190.08979515611227        0.0000000000000000       -1.3051565735752055     
   190.02465310970641        0.0000000000000000       -1.4012053953344086     
   189.95929108774484        0.0000000000000000       -1.4965850106901066     
   189.89371248117300        0.0000000000000000       -1.5912943165357165     
   189.82792066995242        0.0000000000000000       -1.6853322489877118     
   189.76191905495253        0.0000000000000000       -1.7786978046741835     
   189.69571097542160        0.0000000000000000       -1.8713900032800002     
   189.62929977628721        0.0000000000000000       -1.9634079041733856     
   189.56268878769302        0.0000000000000000       -2.0547505999676710     
   189.49588135217400        0.0000000000000000       -2.1454172334000048     
   189.42888075803859        0.0000000000000000       -2.2354069796211014     
   189.36169030153692        0.0000000000000000       -2.3247190563187097     
   189.29431326432612        0.0000000000000000       -2.4133527130311179     
   189.22675293326685        0.0000000000000000       -2.5013072403420256     
   189.15901253626421        0.0000000000000000       -2.5885819494810032     
   189.09109531754427        0.0000000000000000       -2.6751762090763562     
   189.02300450836100        0.0000000000000000       -2.7610894194953208     
   188.95474334086049        0.0000000000000000       -2.8463210193385637     
   188.88631498433966        0.0000000000000000       -2.9308704510529369     
   188.81772262265693        0.0000000000000000       -3.0147372142876381     
   188.74896943487860        0.0000000000000000       -3.0979208523390982     
   188.68005859520750        0.0000000000000000       -3.1804209426542558     
   188.61099321909663        0.0000000000000000       -3.2622370613312350     
   188.54177642747723        0.0000000000000000       -3.3433688254111429     
   188.47241134175019        0.0000000000000000       -3.4238159030632054     
   188.40290107451446        0.0000000000000000       -3.5035779984277289     
   188.33324868722175        0.0000000000000000       -3.5826548130417626     
   188.26345724327251        0.0000000000000000       -3.6610460841442780     
   188.19352980226083        0.0000000000000000       -3.7387515851665145     
   188.12346940998918        0.0000000000000000       -3.8157711278096165     
   188.05327907308327        0.0000000000000000       -3.8921045279062709     
   187.98296179739188        0.0000000000000000       -3.9677516338555803     
   187.91252058608535        0.0000000000000000       -4.0427123262826798     
   187.84195841084696        0.0000000000000000       -4.1169864956079998     
   187.77127822223184        0.0000000000000000       -4.1905740576835893     
   187.70048296759953        0.0000000000000000       -4.2634749591574570     
   187.62957559538592        0.0000000000000000       -4.3356891822537085     
   187.55855900548354        0.0000000000000000       -4.4072166880398012     
   187.48743608761637        0.0000000000000000       -4.4780574663253079     
   187.41620972952845        0.0000000000000000       -4.5482115466713200     
   187.34488282435240        0.0000000000000000       -4.6176790000075023     
   187.27345820207927        0.0000000000000000       -4.6864598481213484     
   187.20193869361898        0.0000000000000000       -4.7545541463463348     
   187.13032712605673        0.0000000000000000       -4.8219619860646388     
   187.05862632669184        0.0000000000000000       -4.8886834983424370     
   186.98683906435170        0.0000000000000000       -4.9547187613578627     
   186.91496811202012        0.0000000000000000       -5.0200678901153308     
   186.84301623760666        0.0000000000000000       -5.0847310255914442     
   186.77098619178633        0.0000000000000000       -5.1487083219082148     
   186.69888068877665        0.0000000000000000       -5.2119999087693740     
   186.62670244160603        0.0000000000000000       -5.2746059440602089     
   186.55445416326828        0.0000000000000000       -5.3365266182716056     
   186.48213852419576        0.0000000000000000       -5.3977620794815788     
   186.40975818295533        0.0000000000000000       -5.4583124917996759     
   186.33731579227120        0.0000000000000000       -5.5181780403544725     
   186.26481401055534        0.0000000000000000       -5.5773589535131967     
   186.19225543133524        0.0000000000000000       -5.6358553632014239     
   186.11964265524250        0.0000000000000000       -5.6936674474094140     
   186.04697828083610        0.0000000000000000       -5.7507954150317708     
   185.97426489105106        0.0000000000000000       -5.8072394739380853     
   185.90150502314052        0.0000000000000000       -5.8629997689410551     
   185.82870121612399        0.0000000000000000       -5.9180764750390047     
   185.75585601351113        0.0000000000000000       -5.9724698039534871     
   185.68297191699133        0.0000000000000000       -6.0261799194221579     
   185.61005140995633        0.0000000000000000       -6.0792069734755909     
   185.53709697178013        0.0000000000000000       -6.1315511319513352     
   185.46411109094225        0.0000000000000000       -6.1832125930967017     
   185.39109618341800        0.0000000000000000       -6.2341914634355335     
   185.31805467923297        0.0000000000000000       -6.2844878908235255     
   185.24498900850574        0.0000000000000000       -6.3341020369882104     
   185.17190157230985        0.0000000000000000       -6.3830340349037789     
   185.09879473216506        0.0000000000000000       -6.4312839733970373     
   185.02567085561927        0.0000000000000000       -6.4788519701358318     
   184.95253232372775        0.0000000000000000       -6.5257381802217278     
   184.87938144670326        0.0000000000000000       -6.5719426649435464     
   184.80622053859335        0.0000000000000000       -6.6174655041728867     
   184.73305191605931        0.0000000000000000       -6.6623067976058721     
   184.65987788039342        0.0000000000000000       -6.7064666428562347     
   184.58670068251521        0.0000000000000000       -6.7499450727838806     
   184.51352258241198        0.0000000000000000       -6.7927421477423060     
   184.44034585301731        0.0000000000000000       -6.8348579637388687     
   184.36717270292141        0.0000000000000000       -6.8762925277457665     
   184.29400534039786        0.0000000000000000       -6.9170458675745214     
   184.22084597951687        0.0000000000000000       -6.9571180356643012     
   184.14769682022552        0.0000000000000000       -6.9965090741777871     
   184.07456001131735        0.0000000000000000       -7.0352189500561249     
   184.00143771290598        0.0000000000000000       -7.0732476687849974     
   183.92833210116791        0.0000000000000000       -7.1105952863110318     
   183.85524528400120        0.0000000000000000       -7.1472617497358684     
   183.78217937451663        0.0000000000000000       -7.1832470278469129     
   183.70913649507008        0.0000000000000000       -7.2185511201779438     
   183.63611874510437        0.0000000000000000       -7.2531740053883906     
   183.56312818289749        0.0000000000000000       -7.2871156037482674     
   183.49016687758828        0.0000000000000000       -7.3203758678935227     
   183.41723692012295        0.0000000000000000       -7.3529548055116898     
   183.34434031918889        0.0000000000000000       -7.3848522781688031     
   183.27147910497305        0.0000000000000000       -7.4160682110893612     
   183.19865531997456        0.0000000000000000       -7.4466025708812857     
   183.12587096434740        0.0000000000000000       -7.4764552506792583     
   183.05312801936509        0.0000000000000000       -7.5056261159882141     
   182.98042848079689        0.0000000000000000       -7.5341150756743769     
   182.90777434116202        0.0000000000000000       -7.5619220551235804     
   182.83516753483451        0.0000000000000000       -7.5890468709911989     
   182.76261001489166        0.0000000000000000       -7.6154893884177515     
   182.69010375691619        0.0000000000000000       -7.6412495320038447     
   182.61765066299100        0.0000000000000000       -7.6663270808761705     
   182.54525264958531        0.0000000000000000       -7.6907218659963057     
   182.47291165087231        0.0000000000000000       -7.7144337692693501     
